0  596
1  583
2  604
3  566
4  611
5  602
6  596
7  578
8  595
9  583
10  602
11  559
12  590
13  562
14  582
15  610
16  699
17  602
18  610
19  606
20  587
21  609
22  601
23  583
24  576
25  608
26  599
27  574
28  621
29  605
30  583
31  599
32  598
33  578
34  578
35  632
36  700
37  603
38  601
39  579
40  578
41  584
42  600
43  582
44  578
45  597
46  576
47  580
48  595
49  581
50  577
51  581
52  615
53  597
54  574
55  610
56  702
57  596
58  599
59  609
60  583
61  568
62  593
63  566
64  584
65  586
66  596
67  597
68  609
69  591
70  566
71  560
72  564
73  604
74  574
75  716
76  673
77  595
78  593
79  585
80  596
81  571
82  601
83  610
84  593
85  596
86  594
87  596
88  575
89  589
90  584
91  581
92  583
93  601
94  571
95  670
96  657
97  591
98  633
99  591
100  595
101  620
102  587
103  577
104  600
105  588
106  607
107  616
108  581
109  583
110  591
111  582
112  588
113  567
114  601
115  635
116  667
117  638
118  604
119  580
120  578
121  583
122  620
123  580
124  576
125  596
126  604
127  626
128  578
129  620
130  572
131  691
132  605
133  587
134  571
135  880
136  619
137  587
138  594
139  599
140  584
141  575
142  601
143  572
144  562
145  610
146  594
147  624
148  592
149  586
150  567
151  562
152  589
153  588
154  570
155  759
156  614
157  596
158  593
159  578
160  589
161  584
162  631
163  598
164  598
165  589
166  598
167  603
168  578
169  587
170  574
171  565
172  559
173  591
174  591
175  790
176  612
177  585
178  611
179  593
180  595
181  576
182  567
183  560
184  579
185  680
186  589
187  630
188  580
189  585
190  574
191  564
192  565
193  578
194  600
195  694
196  616
197  608
198  584
199  596
200  570
201  617
202  576
203  583
204  597
205  583
206  585
207  606
208  607
209  583
210  586
211  573
212  581
213  633
214  664
215  640
216  598
217  592
218  625
219  579
220  588
221  566
222  571
223  561
224  585
225  582
226  653
227  610
228  690
229  580
230  593
231  581
232  577
233  584
234  675
235  641
236  623
237  583
238  588
239  595
240  575
241  624
242  583
243  593
244  596
245  603
246  597
247  591
248  578
249  589
250  587
251  564
252  561
253  561
254  644
255  660
256  634
257  605
258  611
259  617
260  613
261  580
262  590
263  550
264  607
265  601
266  587
267  590
268  612
269  592
270  586
271  566
272  584
273  576
274  617
275  656
276  596
277  601
278  599
279  585
280  606
281  612
282  573
283  554
284  586
285  584
286  588
287  592
288  613
289  589
290  598
291  596
292  593
293  571
294  653
295  616
296  592
297  596
298  629
299  581
300  574
301  596
302  568
303  561
304  593
305  612
306  578
307  592
308  581
309  581
310  571
311  567
312  597
313  561
314  654
315  652
316  601
317  603
318  587
319  579
320  589
321  618
322  608
323  573
324  562
325  592
326  584
327  589
328  663
329  589
330  576
331  589
332  603
333  563
334  666
335  646
336  619
337  600
338  603
339  585
340  580
341  586
342  568
343  595
344  594
345  613
346  586
347  601
348  574
349  584
350  586
351  567
352  582
353  599
354  689
355  662
356  636
357  594
358  595
359  599
360  595
361  606
362  639
363  602
364  584
365  580
366  587
367  604
368  602
369  596
370  575
371  580
372  584
373  562
374  610
375  665
376  607
377  594
378  610
379  600
380  589
381  583
382  573
383  575
384  612
385  583
386  585
387  608
388  585
389  575
390  568
391  589
392  573
393  566
394  645
395  641
396  583
397  588
398  612
399  597
400  601
401  620
402  595
403  576
404  574
405  585
406  571
407  599
408  588
409  582
410  571
411  560
412  585
413  564
414  667
415  679
416  606
417  639
418  596
419  598
420  596
421  572
422  580
423  620
424  569
425  614
426  595
427  589
428  641
429  588
430  599
431  607
432  594
433  580
434  652
435  665
436  617
437  604
438  597
439  576
440  580
441  596
442  581
443  578
444  579
445  619
446  609
447  623
448  604
449  607
450  591
451  585
452  576
453  566
454  661
455  650
456  612
457  605
458  573
459  582
460  580
461  586
462  583
463  567
464  591
465  582
466  563
467  605
468  564
469  595
470  579
471  619
472  586
473  557
474  610
475  648
476  597
477  616
478  610
479  596
480  581
481  599
482  597
483  562
484  582
485  589
486  617
487  593
488  596
489  585
490  572
491  563
492  588
493  556
494  670
495  653
496  598
497  597
498  599
499  584
500  581
501  583
502  571
503  595
504  593
505  601
506  589
507  686
508  586
509  579
510  581
511  585
512  593
513  604
514  582
515  589
516  590
517  582
518  574
519  544
520  594
521  574
522  555
523  595
524  578
525  583
526  545
527  767
528  600
529  617
530  617
531  584
532  561
533  619
534  596
535  625
536  570
537  606
538  577
539  576
540  638
541  591
542  551
543  610
544  588
545  609
546  563
547  681
548  598
549  661
550  596
551  580
552  577
553  589
554  573
555  594
556  576
557  574
558  599
559  573
560  594
561  596
562  575
563  603
564  580
565  597
566  569
567  719
568  769
569  584
570  596
571  578
572  574
573  615
574  579
575  587
576  617
577  601
578  564
579  593
580  577
581  576
582  558
583  606
584  600
585  593
586  566
587  707
588  581
589  610
590  578
591  603
592  570
593  604
594  554
595  596
596  574
597  591
598  593
599  639
600  573
601  585
602  553
603  581
604  564
605  581
606  568
607  728
608  605
609  665
610  635
611  600
612  590
613  624
614  579
615  608
616  586
617  581
618  588
619  552
620  610
621  569
622  591
623  591
624  590
625  588
626  568
627  657
628  594
629  596
630  580
631  604
632  571
633  598
634  576
635  621
636  550
637  581
638  581
639  583
640  653
641  597
642  561
643  590
644  565
645  590
646  556
647  741
648  602
649  605
650  570
651  601
652  556
653  646
654  551
655  662
656  603
657  593
658  569
659  608
660  564
661  575
662  585
663  599
664  585
665  581
666  558
667  756
668  636
669  685
670  596
671  597
672  609
673  600
674  570
675  578
676  581
677  583
678  572
679  614
680  587
681  567
682  559
683  590
684  618
685  600
686  550
687  732
688  617
689  597
690  606
691  581
692  576
693  630
694  568
695  609
696  585
697  598
698  582
699  607
700  598
701  574
702  551
703  614
704  574
705  605
706  562
707  707
708  577
709  575
710  589
711  595
712  569
713  583
714  582
715  587
716  580
717  583
718  562
719  588
720  607
721  607
722  584
723  588
724  584
725  586
726  686
727  720
728  628
729  662
730  620
731  577
732  576
733  614
734  620
735  602
736  602
737  579
738  581
739  587
740  624
741  586
742  589
743  592
744  573
745  603
746  643
747  691
748  585
749  592
750  617
751  600
752  618
753  591
754  566
755  593
756  577
757  586
758  570
759  601
760  557
761  572
762  639
763  580
764  582
765  583
766  687
767  766
768  660
769  575
770  621
771  604
772  582
773  630
774  674
775  592
776  615
777  591
778  578
779  585
780  571
781  593
782  586
783  743
784  615
785  618
786  665
787  672
788  610
789  661
790  590
791  579
792  589
793  592
794  588
795  598
796  576
797  617
798  593
799  595
800  577
801  575
802  573
803  584
804  586
805  604
806  656
807  694
808  577
809  579
810  584
811  579
812  563
813  634
814  604
815  599
816  599
817  592
818  595
819  563
820  592
821  611
822  588
823  586
824  592
825  582
826  652
827  701
828  627
829  606
830  642
831  600
832  579
833  597
834  581
835  594
836  573
837  608
838  598
839  581
840  632
841  570
842  574
843  600
844  575
845  601
846  676
847  724
848  590
849  650
850  588
851  577
852  576
853  636
854  576
855  600
856  604
857  599
858  604
859  606
860  621
861  593
862  571
863  590
864  581
865  589
866  642
867  737
868  611
869  596
870  583
871  590
872  577
873  584
874  574
875  573
876  592
877  618
878  592
879  584
880  597
881  578
882  570
883  592
884  601
885  596
886  639
887  651
888  586
889  564
890  613
891  588
892  591
893  639
894  582
895  583
896  588
897  580
898  577
899  590
900  597
901  587
902  572
903  586
904  575
905  583
906  664
907  702
908  618
909  658
910  593
911  632
912  576
913  614
914  570
915  604
916  580
917  589
918  580
919  569
920  568
921  590
922  557
923  601
924  600
925  603
926  664
927  721
928  596
929  654
930  591
931  594
932  613
933  632
934  601
935  593
936  581
937  601
938  578
939  614
940  646
941  592
942  598
943  586
944  604
945  582
946  663
947  701
948  592
949  629
950  581
951  574
952  569
953  589
954  567
955  602
956  588
957  578
958  580
959  592
960  597
961  577
962  562
963  609
964  567
965  586
966  635
967  737
968  610
969  627
970  606
971  603
972  591
973  630
974  566
975  598
976  556
977  635
978  589
979  608
980  595
981  589
982  575
983  589
984  601
985  587
986  654
987  694
988  593
989  588
990  574
991  590
992  598
993  591
994  608
995  583
996  575
997  591
998  578
999  592
1000  582
1001  607
1002  674
1003  591
1004  583
1005  592
1006  659
1007  685
1008  611
1009  607
1010  598
1011  588
1012  594
1013  614
1014  592
1015  603
1016  570
1017  600
1018  583
1019  580
1020  565
1021  599
1022  582
1023  588
1024  636
1025  598
1026  646
1027  699
1028  571
1029  713
1030  571
1031  583
1032  594
1033  604
1034  637
1035  608
1036  579
1037  653
1038  583
1039  587
1040  629
1041  606
1042  583
1043  583
1044  582
1045  578
1046  669
1047  716
1048  613
1049  621
1050  595
1051  597
1052  591
1053  601
1054  583
1055  571
1056  593
1057  585
1058  566
1059  592
1060  562
1061  584
1062  580
1063  584
1064  578
1065  587
1066  657
1067  708
1068  605
1069  569
1070  573
1071  588
1072  618
1073  607
1074  579
1075  563
1076  571
1077  597
1078  557
1079  588
1080  569
1081  607
1082  624
1083  613
1084  612
1085  583
1086  613
1087  707
1088  622
1089  687
1090  584
1091  603
1092  588
1093  624
1094  581
1095  605
1096  703
1097  615
1098  605
1099  611
1100  576
1101  572
1102  585
1103  629
1104  596
1105  596
1106  733
1107  663
1108  604
1109  588
1110  589
1111  583
1112  608
1113  601
1114  579
1115  577
1116  604
1117  574
1118  572
1119  582
1120  589
1121  577
1122  579
1123  591
1124  581
1125  549
1126  617
1127  680
1128  593
1129  641
1130  571
1131  591
1132  577
1133  610
1134  599
1135  622
1136  611
1137  577
1138  557
1139  573
1140  647
1141  580
1142  586
1143  602
1144  599
1145  583
1146  617
1147  641
1148  587
1149  650
1150  608
1151  583
1152  616
1153  592
1154  582
1155  567
1156  584
1157  582
1158  576
1159  601
1160  608
1161  586
1162  590
1163  586
1164  590
1165  563
1166  621
1167  738
1168  640
1169  580
1170  580
1171  599
1172  583
1173  621
1174  579
1175  570
1176  591
1177  587
1178  583
1179  597
1180  565
1181  588
1182  579
1183  608
1184  584
1185  605
1186  616
1187  672
1188  584
1189  631
1190  563
1191  614
1192  597
1193  597
1194  579
1195  582
1196  566
1197  596
1198  574
1199  631
1200  587
1201  580
1202  599
1203  666
1204  580
1205  585
1206  685
1207  717
1208  665
1209  620
1210  586
1211  574
1212  594
1213  652
1214  611
1215  577
1216  582
1217  554
1218  581
1219  606
1220  583
1221  581
1222  575
1223  608
1224  584
1225  577
1226  613
1227  675
1228  574
1229  608
1230  597
1231  618
1232  585
1233  615
1234  592
1235  574
1236  665
1237  581
1238  554
1239  610
1240  626
1241  610
1242  591
1243  655
1244  589
1245  582
1246  667
1247  714
1248  590
1249  623
1250  594
1251  588
1252  583
1253  623
1254  587
1255  589
1256  591
1257  590
1258  564
1259  580
1260  567
1261  621
1262  586
1263  590
1264  592
1265  562
1266  1071
1267  746
1268  725
1269  566
1270  591
1271  604
1272  612
1273  583
1274  574
1275  580
1276  579
1277  576
1278  560
1279  601
1280  566
1281  592
1282  592
1283  599
1284  588
1285  567
1286  783
1287  631
1288  601
1289  597
1290  568
1291  582
1292  700
1293  607
1294  604
1295  619
1296  590
1297  606
1298  569
1299  651
1300  587
1301  585
1302  589
1303  608
1304  604
1305  574
1306  741
1307  595
1308  585
1309  587
1310  691
1311  603
1312  596
1313  582
1314  592
1315  574
1316  601
1317  567
1318  579
1319  573
1320  596
1321  595
1322  592
1323  581
1324  587
1325  538
1326  792
1327  614
1328  683
1329  617
1330  666
1331  565
1332  677
1333  613
1334  624
1335  578
1336  601
1337  589
1338  571
1339  656
1340  688
1341  582
1342  605
1343  583
1344  610
1345  565
1346  715
1347  614
1348  584
1349  607
1350  591
1351  583
1352  585
1353  586
1354  580
1355  582
1356  579
1357  565
1358  606
1359  575
1360  569
1361  566
1362  584
1363  590
1364  584
1365  574
1366  732
1367  672
1368  623
1369  583
1370  579
1371  557
1372  623
1373  576
1374  594
1375  577
1376  588
1377  560
1378  596
1379  570
1380  570
1381  591
1382  675
1383  605
1384  599
1385  542
1386  713
1387  588
1388  659
1389  641
1390  590
1391  569
1392  615
1393  575
1394  608
1395  566
1396  605
1397  588
1398  603
1399  636
1400  593
1401  586
1402  618
1403  578
1404  583
1405  594
1406  690
1407  585
1408  604
1409  591
1410  621
1411  583
1412  603
1413  586
1414  602
1415  577
1416  591
1417  583
1418  606
1419  541
1420  591
1421  573
1422  594
1423  581
1424  581
1425  568
1426  716
1427  611
1428  619
1429  591
1430  602
1431  573
1432  590
1433  562
1434  594
1435  567
1436  603
1437  588
1438  624
1439  629
1440  576
1441  595
1442  590
1443  571
1444  592
1445  581
1446  722
1447  623
1448  677
1449  602
1450  588
1451  593
1452  603
1453  587
1454  584
1455  574
1456  602
1457  567
1458  632
1459  584
1460  580
1461  558
1462  603
1463  579
1464  584
1465  551
1466  750
1467  604
1468  584
1469  603
1470  602
1471  566
1472  586
1473  564
1474  590
1475  554
1476  591
1477  588
1478  616
1479  604
1480  588
1481  550
1482  587
1483  568
1484  605
1485  534
1486  740
1487  592
1488  585
1489  589
1490  586
1491  573
1492  617
1493  614
1494  600
1495  592
1496  583
1497  578
1498  587
1499  587
1500  586
1501  576
1502  599
1503  588
1504  597
1505  664
1506  696
1507  595
1508  656
1509  619
1510  596
1511  585
1512  581
1513  593
1514  586
1515  568
1516  582
1517  570
1518  594
1519  550
1520  571
1521  587
1522  579
1523  559
1524  592
1525  664
1526  714
1527  590
1528  593
1529  577
1530  578
1531  589
1532  594
1533  573
1534  604
1535  561
1536  600
1537  550
1538  597
1539  631
1540  580
1541  571
1542  603
1543  586
1544  582
1545  668
1546  656
1547  595
1548  574
1549  615
1550  588
1551  568
1552  580
1553  567
1554  586
1555  605
1556  600
1557  607
1558  596
1559  612
1560  591
1561  583
1562  605
1563  571
1564  587
1565  680
1566  698
1567  619
1568  672
1569  558
1570  585
1571  563
1572  613
1573  604
1574  594
1575  588
1576  595
1577  563
1578  586
1579  558
1580  580
1581  571
1582  608
1583  604
1584  596
1585  642
1586  653
1587  561
1588  603
1589  598
1590  622
1591  576
1592  605
1593  574
1594  613
1595  564
1596  586
1597  611
1598  591
1599  581
1600  582
1601  565
1602  586
1603  568
1604  588
1605  663
1606  671
1607  610
1608  579
1609  599
1610  575
1611  566
1612  605
1613  583
1614  586
1615  581
1616  580
1617  592
1618  581
1619  550
1620  596
1621  650
1622  605
1623  580
1624  576
1625  665
1626  644
1627  583
1628  714
1629  612
1630  582
1631  559
1632  587
1633  571
1634  594
1635  590
1636  610
1637  583
1638  628
1639  622
1640  581
1641  567
1642  589
1643  557
1644  589
1645  630
1646  661
1647  588
1648  575
1649  623
1650  585
1651  574
1652  623
1653  578
1654  641
1655  576
1656  601
1657  589
1658  596
1659  585
1660  579
1661  579
1662  612
1663  562
1664  584
1665  646
1666  704
1667  598
1668  580
1669  599
1670  589
1671  570
1672  580
1673  574
1674  578
1675  581
1676  602
1677  577
1678  595
1679  556
1680  582
1681  562
1682  627
1683  571
1684  610
1685  671
1686  664
1687  605
1688  653
1689  584
1690  595
1691  577
1692  659
1693  575
1694  589
1695  558
1696  594
1697  592
1698  614
1699  572
1700  604
1701  565
1702  598
1703  566
1704  594
1705  653
1706  651
1707  579
1708  610
1709  632
1710  591
1711  610
1712  587
1713  577
1714  591
1715  603
1716  606
1717  611
1718  644
1719  596
1720  651
1721  622
1722  582
1723  583
1724  593
1725  665
1726  669
1727  619
1728  596
1729  623
1730  583
1731  598
1732  624
1733  590
1734  603
1735  557
1736  602
1737  567
1738  597
1739  647
1740  596
1741  564
1742  588
1743  588
1744  590
1745  644
1746  654
1747  590
1748  678
1749  618
1750  594
1751  585
1752  603
1753  562
1754  596
1755  571
1756  605
1757  572
1758  584
1759  580
1760  577
1761  575
1762  585
1763  609
1764  597
1765  676
1766  688
1767  608
1768  594
1769  559
1770  590
1771  598
1772  606
1773  590
1774  578
1775  586
1776  586
1777  570
1778  590
1779  595
1780  590
1781  607
1782  632
1783  577
1784  608
1785  635
1786  650
1787  592
1788  598
1789  569
1790  579
1791  585
1792  584
1793  569
1794  609
1795  586
1796  613
1797  578
1798  594
1799  623
1800  592
1801  593
1802  591
1803  581
1804  604
1805  645
1806  660
1807  577
1808  666
1809  574
1810  577
1811  584
1812  628
1813  590
1814  590
1815  601
1816  590
1817  586
1818  588
1819  567
1820  572
1821  570
1822  589
1823  572
1824  579
1825  657
1826  662
1827  596
1828  613
1829  597
1830  574
1831  577
1832  587
1833  604
1834  589
1835  611
1836  585
1837  588
1838  595
1839  624
1840  580
1841  571
1842  615
1843  602
1844  600
1845  660
1846  668
1847  579
1848  602
1849  594
1850  586
1851  580
1852  605
1853  591
1854  586
1855  560
1856  599
1857  556
1858  605
1859  563
1860  591
1861  568
1862  592
1863  556
1864  584
1865  643
1866  703
1867  712
1868  607
1869  576
1870  576
1871  576
1872  589
1873  584
1874  622
1875  593
1876  622
1877  609
1878  613
1879  600
1880  602
1881  609
1882  591
1883  607
1884  583
1885  674
1886  646
1887  603
1888  580
1889  593
1890  594
1891  589
1892  610
1893  569
1894  594
1895  589
1896  597
1897  571
1898  627
1899  595
1900  573
1901  581
1902  590
1903  574
1904  582
1905  632
1906  665
1907  608
1908  626
1909  594
1910  593
1911  559
1912  617
1913  552
1914  647
1915  595
1916  591
1917  556
1918  584
1919  568
1920  569
1921  578
1922  596
1923  596
1924  596
1925  654
1926  646
1927  652
1928  607
1929  593
1930  590
1931  575
1932  616
1933  577
1934  591
1935  568
1936  609
1937  582
1938  595
1939  646
1940  585
1941  575
1942  580
1943  588
1944  588
1945  767
1946  666
1947  597
1948  606
1949  593
1950  602
1951  574
1952  592
1953  566
1954  603
1955  588
1956  602
1957  584
1958  592
1959  567
1960  587
1961  574
1962  609
1963  571
1964  590
1965  642
1966  692
1967  595
1968  604
1969  579
1970  609
1971  614
1972  596
1973  573
1974  595
1975  584
1976  592
1977  583
1978  623
1979  576
1980  574
1981  601
1982  601
1983  587
1984  592
1985  604
1986  663
1987  656
1988  615
1989  574
1990  577
1991  598
1992  585
1993  592
1994  595
1995  577
1996  597
1997  572
1998  608
1999  620
2000  573
2001  564
2002  602
2003  582
2004  618
2005  661
2006  651
2007  579
2008  601
2009  614
2010  588
2011  573
2012  616
2013  571
2014  581
2015  566
2016  607
2017  593
2018  627
2019  597
2020  580
2021  560
2022  605
2023  568
2024  607
2025  660
2026  637
2027  582
2028  615
2029  577
2030  585
2031  577
2032  595
2033  614
2034  614
2035  588
2036  595
2037  591
2038  603
2039  625
2040  588
2041  596
2042  649
2043  596
2044  599
2045  661
2046  644
2047  666
2048  580
2049  617
2050  594
2051  594
2052  603
2053  589
2054  601
2055  553
2056  604
2057  579
2058  628
2059  569
2060  592
2061  585
2062  584
2063  566
2064  592
2065  656
2066  678
2067  598
2068  610
2069  564
2070  596
2071  576
2072  606
2073  564
2074  602
2075  579
2076  590
2077  555
2078  582
2079  562
2080  584
2081  587
2082  614
2083  574
2084  575
2085  704
2086  608
2087  580
2088  610
2089  601
2090  581
2091  572
2092  603
2093  573
2094  597
2095  593
2096  607
2097  587
2098  592
2099  593
2100  574
2101  569
2102  582
2103  574
2104  583
2105  713
2106  634
2107  657
2108  608
2109  572
2110  578
2111  568
2112  610
2113  597
2114  605
2115  572
2116  590
2117  562
2118  591
2119  584
2120  589
2121  585
2122  592
2123  598
2124  600
2125  770
2126  613
2127  564
2128  627
2129  582
2130  608
2131  563
2132  613
2133  580
2134  575
2135  569
2136  604
2137  605
2138  642
2139  584
2140  596
2141  579
2142  605
2143  571
2144  599
2145  735
2146  620
2147  598
2148  593
2149  598
2150  572
2151  577
2152  593
2153  581
2154  573
2155  552
2156  579
2157  592
2158  575
2159  568
2160  584
2161  591
2162  603
2163  567
2164  588
2165  728
2166  637
2167  664
2168  636
2169  574
2170  592
2171  606
2172  598
2173  548
2174  619
2175  587
2176  600
2177  575
2178  629
2179  561
2180  582
2181  550
2182  603
2183  578
2184  590
2185  663
2186  605
2187  590
2188  595
2189  596
2190  575
2191  577
2192  608
2193  582
2194  610
2195  595
2196  618
2197  575
2198  604
2199  626
2200  595
2201  569
2202  597
2203  624
2204  594
2205  718
2206  594
2207  587
2208  614
2209  622
2210  587
2211  610
2212  586
2213  568
2214  589
2215  570
2216  601
2217  608
2218  577
2219  572
2220  599
2221  573
2222  588
2223  551
2224  612
2225  737
2226  609
2227  640
2228  598
2229  573
2230  590
2231  560
2232  617
2233  558
2234  592
2235  560
2236  611
2237  597
2238  709
2239  580
2240  594
2241  607
2242  602
2243  587
2244  581
2245  746
2246  618
2247  577
2248  623
2249  598
2250  582
2251  620
2252  585
2253  571
2254  584
2255  556
2256  606
2257  602
2258  584
2259  576
2260  574
2261  594
2262  577
2263  569
2264  589
2265  770
2266  633
2267  582
2268  591
2269  597
2270  587
2271  598
2272  609
2273  563
2274  599
2275  561
2276  587
2277  595
2278  577
2279  588
2280  594
2281  664
2282  616
2283  571
2284  570
2285  701
2286  625
2287  698
2288  614
2289  595
2290  599
2291  594
2292  590
2293  600
2294  590
2295  586
2296  600
2297  586
2298  573
2299  591
2300  590
2301  608
2302  607
2303  679
2304  686
2305  651
2306  623
2307  578
2308  592
2309  561
2310  595
2311  615
2312  577
2313  578
2314  639
2315  572
2316  584
2317  585
2318  578
2319  569
2320  594
2321  586
2322  588
2323  581
2324  680
2325  738
2326  624
2327  585
2328  597
2329  562
2330  580
2331  628
2332  597
2333  627
2334  593
2335  585
2336  596
2337  580
2338  638
2339  557
2340  585
2341  580
2342  617
2343  573
2344  627
2345  668
2346  622
2347  642
2348  604
2349  599
2350  598
2351  614
2352  594
2353  599
2354  595
2355  585
2356  591
2357  588
2358  604
2359  570
2360  592
2361  581
2362  592
2363  574
2364  706
2365  745
2366  637
2367  585
2368  593
2369  591
2370  575
2371  605
2372  577
2373  601
2374  578
2375  652
2376  600
2377  585
2378  590
2379  584
2380  572
2381  597
2382  615
2383  588
2384  638
2385  638
2386  603
2387  570
2388  603
2389  576
2390  581
2391  584
2392  600
2393  579
2394  579
2395  585
2396  619
2397  600
2398  601
2399  588
2400  577
2401  604
2402  589
2403  581
2404  670
2405  648
2406  585
2407  654
2408  607
2409  573
2410  583
2411  598
2412  607
2413  611
2414  609
2415  583
2416  574
2417  609
2418  577
2419  571
2420  570
2421  593
2422  578
2423  583
2424  614
2425  633
2426  596
2427  582
2428  646
2429  585
2430  611
2431  586
2432  594
2433  583
2434  557
2435  585
2436  602
2437  603
2438  652
2439  570
2440  587
2441  581
2442  590
2443  581
2444  668
2445  648
2446  607
2447  581
2448  609
2449  580
2450  601
2451  594
2452  612
2453  576
2454  583
2455  590
2456  586
2457  582
2458  571
2459  607
2460  602
2461  606
2462  595
2463  581
2464  642
2465  658
2466  620
2467  656
2468  605
2469  595
2470  575
2471  581
2472  579
2473  589
2474  566
2475  602
2476  588
2477  605
2478  560
2479  586
2480  565
2481  595
2482  618
2483  600
2484  681
2485  650
2486  608
2487  595
2488  595
2489  577
2490  620
2491  609
2492  632
2493  589
2494  609
2495  587
2496  581
2497  608
2498  582
2499  601
2500  591
2501  573
2502  596
2503  573
2504  655
2505  630
2506  612
2507  609
2508  623
2509  590
2510  592
2511  600
2512  591
2513  580
2514  574
2515  588
2516  586
2517  605
2518  595
2519  579
2520  576
2521  596
2522  615
2523  609
2524  661
2525  671
2526  785
2527  667
2528  603
2529  584
2530  595
2531  697
2532  595
2533  589
2534  547
2535  604
2536  584
2537  581
2538  653
2539  612
2540  597
2541  575
2542  597
2543  577
2544  650
2545  632
2546  600
2547  583
2548  574
2549  607
2550  594
2551  575
2552  591
2553  576
2554  632
2555  595
2556  595
2557  578
2558  598
2559  570
2560  585
2561  580
2562  598
2563  589
2564  642
2565  660
2566  617
2567  588
2568  572
2569  567
2570  612
2571  614
2572  596
2573  588
2574  573
2575  586
2576  567
2577  579
2578  577
2579  560
2580  576
2581  588
2582  590
2583  604
2584  652
2585  660
2586  680
2587  614
2588  583
2589  567
2590  598
2591  586
2592  586
2593  644
2594  612
2595  596
2596  583
2597  599
2598  577
2599  591
2600  578
2601  589
2602  606
2603  591
2604  630
2605  646
2606  589
2607  571
2608  583
2609  565
2610  584
2611  596
2612  601
2613  580
2614  574
2615  593
2616  570
2617  600
2618  602
2619  588
2620  573
2621  577
2622  597
2623  591
2624  649
2625  644
2626  588
2627  603
2628  583
2629  564
2630  597
2631  589
2632  611
2633  634
2634  573
2635  612
2636  571
2637  584
2638  626
2639  579
2640  573
2641  587
2642  594
2643  577
2644  647
2645  635
2646  680
2647  591
2648  601
2649  609
2650  603
2651  615
2652  612
2653  608
2654  585
2655  594
2656  604
2657  594
2658  577
2659  557
2660  586
2661  647
2662  605
2663  570
2664  667
2665  688
2666  647
2667  594
2668  588
2669  594
2670  575
2671  584
2672  579
2673  588
2674  599
2675  591
2676  569
2677  605
2678  577
2679  560
2680  604
2681  599
2682  589
2683  582
2684  636
2685  627
2686  650
2687  613
2688  592
2689  570
2690  570
2691  595
2692  563
2693  592
2694  558
2695  620
2696  587
2697  608
2698  600
2699  612
2700  583
2701  578
2702  600
2703  591
2704  676
2705  685
2706  694
2707  634
2708  626
2709  664
2710  611
2711  631
2712  616
2713  628
2714  587
2715  623
2716  586
2717  629
2718  598
2719  625
2720  609
2721  602
2722  582
2723  598
2724  652
2725  645
2726  595
2727  640
2728  584
2729  758
2730  589
2731  630
2732  578
2733  598
2734  569
2735  617
2736  584
2737  592
2738  642
2739  583
2740  562
2741  591
2742  569
2743  606
2744  654
2745  646
2746  594
2747  609
2748  697
2749  584
2750  620
2751  604
2752  583
2753  598
2754  584
2755  604
2756  585
2757  609
2758  591
2759  578
2760  605
2761  588
2762  570
2763  587
2764  662
2765  665
2766  689
2767  605
2768  594
2769  565
2770  609
2771  599
2772  580
2773  586
2774  610
2775  593
2776  577
2777  609
2778  594
2779  568
2780  570
2781  609
2782  599
2783  590
2784  594
2785  635
2786  584
2787  590
2788  588
2789  589
2790  589
2791  601
2792  593
2793  581
2794  564
2795  595
2796  561
2797  590
2798  591
2799  605
2800  570
2801  597
2802  570
2803  588
2804  656
2805  658
2806  605
2807  602
2808  596
2809  579
2810  597
2811  599
2812  600
2813  587
2814  610
2815  585
2816  574
2817  581
2818  570
2819  580
2820  565
2821  582
2822  613
2823  620
2824  669
2825  657
2826  658
2827  606
2828  588
2829  572
2830  614
2831  603
2832  597
2833  607
2834  553
2835  598
2836  582
2837  591
2838  641
2839  590
2840  605
2841  584
2842  577
2843  588
2844  658
2845  671
2846  617
2847  618
2848  579
2849  590
2850  589
2851  612
2852  565
2853  605
2854  580
2855  606
2856  564
2857  601
2858  575
2859  566
2860  577
2861  588
2862  589
2863  584
2864  631
2865  666
2866  603
2867  590
2868  585
2869  583
2870  586
2871  605
2872  556
2873  599
2874  598
2875  582
2876  591
2877  581
2878  604
2879  565
2880  580
2881  657
2882  624
2883  561
2884  783
2885  625
2886  661
2887  602
2888  569
2889  576
2890  569
2891  621
2892  586
2893  596
2894  591
2895  591
2896  573
2897  594
2898  587
2899  573
2900  576
2901  599
2902  592
2903  607
2904  689
2905  620
2906  568
2907  588
2908  568
2909  599
2910  579
2911  600
2912  588
2913  583
2914  575
2915  583
2916  593
2917  605
2918  602
2919  600
2920  557
2921  590
2922  547
2923  589
2924  772
2925  634
2926  603
2927  620
2928  576
2929  565
2930  580
2931  610
2932  604
2933  606
2934  574
2935  591
2936  563
2937  671
2938  584
2939  579
2940  564
2941  601
2942  572
2943  582
2944  710
2945  605
2946  648
2947  616
2948  598
2949  594
2950  593
2951  593
2952  565
2953  584
2954  581
2955  597
2956  555
2957  631
2958  563
2959  600
2960  556
2961  585
2962  560
2963  582
2964  757
2965  661
2966  610
2967  610
2968  602
2969  577
2970  593
2971  586
2972  578
2973  608
2974  581
2975  609
2976  567
2977  586
2978  588
2979  573
2980  584
2981  649
2982  611
2983  583
2984  698
2985  594
2986  581
2987  584
2988  616
2989  581
2990  592
2991  608
2992  567
2993  591
2994  589
2995  615
2996  599
2997  610
2998  590
2999  588
3000  570
3001  589
3002  569
3003  596
3004  720
3005  617
3006  678
3007  611
3008  613
3009  592
3010  601
3011  613
3012  570
3013  604
3014  573
3015  595
3016  576
3017  711
3018  591
3019  586
3020  678
3021  594
3022  555
3023  627
3024  743
3025  605
3026  611
3027  632
3028  608
3029  596
3030  601
3031  598
3032  581
3033  565
3034  580
3035  594
3036  611
3037  650
3038  580
3039  587
3040  571
3041  601
3042  572
3043  597
3044  747
3045  617
3046  571
3047  591
3048  609
3049  576
3050  600
3051  612
3052  564
3053  591
3054  548
3055  584
3056  579
3057  579
3058  588
3059  593
3060  573
3061  626
3062  605
3063  597
3064  761
3065  641
3066  640
3067  605
3068  593
3069  581
3070  569
3071  590
3072  575
3073  588
3074  566
3075  610
3076  609
3077  590
3078  564
3079  572
3080  577
3081  616
3082  601
3083  656
3084  694
3085  604
3086  576
3087  573
3088  576
3089  577
3090  622
3091  605
3092  607
3093  601
3094  566
3095  594
3096  597
3097  582
3098  593
3099  582
3100  604
3101  598
3102  567
3103  677
3104  652
3105  608
3106  569
3107  612
3108  579
3109  605
3110  588
3111  594
3112  569
3113  599
3114  553
3115  605
3116  573
3117  639
3118  568
3119  590
3120  575
3121  588
3122  554
3123  674
3124  701
3125  606
3126  662
3127  595
3128  573
3129  581
3130  622
3131  622
3132  583
3133  582
3134  640
3135  596
3136  614
3137  649
3138  614
3139  598
3140  586
3141  650
3142  603
3143  706
3144  672
3145  611
3146  589
3147  591
3148  591
3149  594
3150  559
3151  582
3152  562
3153  593
3154  549
3155  617
3156  594
3157  582
3158  558
3159  572
3160  559
3161  593
3162  590
3163  673
3164  752
3165  627
3166  573
3167  613
3168  565
3169  603
3170  606
3171  651
3172  591
3173  605
3174  565
3175  588
3176  613
3177  593
3178  590
3179  581
3180  570
3181  605
3182  583
3183  653
3184  682
3185  619
3186  674
3187  606
3188  587
3189  585
3190  567
3191  589
3192  574
3193  592
3194  586
3195  590
3196  624
3197  575
3198  612
3199  571
3200  614
3201  595
3202  590
3203  631
3204  668
3205  603
3206  588
3207  607
3208  608
3209  580
3210  611
3211  616
3212  570
3213  589
3214  582
3215  583
3216  582
3217  596
3218  577
3219  597
3220  557
3221  590
3222  548
3223  674
3224  632
3225  607
3226  608
3227  590
3228  602
3229  587
3230  575
3231  604
3232  578
3233  620
3234  600
3235  607
3236  596
3237  630
3238  593
3239  582
3240  575
3241  591
3242  590
3243  668
3244  697
3245  687
3246  592
3247  593
3248  624
3249  592
3250  625
3251  606
3252  589
3253  584
3254  549
3255  595
3256  583
3257  600
3258  576
3259  587
3260  565
3261  587
3262  570
3263  659
3264  746
3265  640
3266  611
3267  630
3268  567
3269  589
3270  553
3271  591
3272  548
3273  600
3274  589
3275  590
3276  598
3277  592
3278  551
3279  607
3280  581
3281  624
3282  593
3283  657
3284  669
3285  602
3286  577
3287  602
3288  580
3289  592
3290  632
3291  594
3292  579
3293  588
3294  565
3295  587
3296  585
3297  641
3298  608
3299  625
3300  601
3301  624
3302  589
3303  656
3304  663
3305  681
3306  629
3307  595
3308  595
3309  586
3310  572
3311  598
3312  559
3313  607
3314  591
3315  609
3316  604
3317  578
3318  592
3319  575
3320  564
3321  618
3322  549
3323  656
3324  695
3325  609
3326  620
3327  577
3328  621
3329  601
3330  628
3331  616
3332  568
3333  590
3334  577
3335  606
3336  595
3337  642
3338  590
3339  573
3340  577
3341  596
3342  594
3343  672
3344  685
3345  622
3346  610
3347  569
3348  600
3349  584
3350  574
3351  595
3352  610
3353  603
3354  554
3355  577
3356  593
3357  568
3358  571
3359  570
3360  593
3361  612
3362  577
3363  674
3364  734
3365  683
3366  597
3367  584
3368  578
3369  599
3370  601
3371  589
3372  548
3373  601
3374  564
3375  587
3376  598
3377  594
3378  580
3379  575
3380  601
3381  623
3382  574
3383  634
3384  663
3385  610
3386  587
3387  601
3388  595
3389  578
3390  581
3391  585
3392  595
3393  603
3394  610
3395  583
3396  599
3397  578
3398  622
3399  582
3400  589
3401  590
3402  563
3403  670
3404  671
3405  606
3406  596
3407  575
3408  587
3409  583
3410  605
3411  581
3412  577
3413  580
3414  587
3415  577
3416  607
3417  579
3418  576
3419  570
3420  550
3421  591
3422  569
3423  687
3424  695
3425  678
3426  612
3427  578
3428  565
3429  582
3430  567
3431  608
3432  601
3433  582
3434  653
3435  599
3436  580
3437  654
3438  566
3439  595
3440  574
3441  618
3442  587
3443  661
3444  671
3445  610
3446  616
3447  593
3448  600
3449  578
3450  614
3451  600
3452  572
3453  588
3454  555
3455  607
3456  621
3457  601
3458  615
3459  592
3460  619
3461  597
3462  581
3463  628
3464  736
3465  624
3466  626
3467  571
3468  582
3469  571
3470  560
3471  618
3472  561
3473  655
3474  570
3475  582
3476  588
3477  592
3478  569
3479  587
3480  569
3481  613
3482  569
3483  613
3484  651
3485  681
3486  605
3487  613
3488  588
3489  597
3490  593
3491  619
3492  565
3493  595
3494  599
3495  619
3496  594
3497  566
3498  610
3499  576
3500  577
3501  589
3502  569
3503  676
3504  662
3505  600
3506  609
3507  578
3508  592
3509  578
3510  576
3511  604
3512  571
3513  589
3514  575
3515  593
3516  590
3517  568
3518  616
3519  585
3520  574
3521  598
3522  566
3523  683
3524  664
3525  604
3526  615
3527  574
3528  569
3529  592
3530  608
3531  619
3532  588
3533  579
3534  610
3535  603
3536  621
3537  647
3538  569
3539  593
3540  588
3541  594
3542  568
3543  658
3544  673
3545  710
3546  594
3547  580
3548  588
3549  577
3550  612
3551  609
3552  601
3553  605
3554  563
3555  598
3556  583
3557  592
3558  589
3559  569
3560  664
3561  593
3562  570
3563  664
3564  741
3565  650
3566  608
3567  610
3568  596
3569  592
3570  674
3571  582
3572  568
3573  590
3574  607
3575  585
3576  580
3577  587
3578  567
3579  575
3580  583
3581  621
3582  664
3583  625
3584  690
3585  604
3586  615
3587  592
3588  612
3589  579
3590  595
3591  595
3592  580
3593  576
3594  570
3595  583
3596  577
3597  599
3598  621
3599  594
3600  586
3601  595
3602  576
3603  662
3604  669
3605  688
3606  605
3607  578
3608  589
3609  590
3610  596
3611  589
3612  588
3613  596
3614  585
3615  619
3616  605
3617  584
3618  579
3619  609
3620  594
3621  619
3622  599
3623  664
3624  759
3625  604
3626  615
3627  561
3628  591
3629  593
3630  605
3631  596
3632  586
3633  570
3634  642
3635  585
3636  595
3637  633
3638  568
3639  588
3640  587
3641  597
3642  588
3643  658
3644  643
3645  611
3646  598
3647  568
3648  585
3649  585
3650  633
3651  592
3652  593
3653  588
3654  583
3655  584
3656  575
3657  568
3658  562
3659  572
3660  588
3661  607
3662  587
3663  640
3664  652
3665  672
3666  604
3667  573
3668  585
3669  576
3670  592
3671  569
3672  586
3673  571
3674  583
3675  585
3676  629
3677  585
3678  587
3679  573
3680  607
3681  588
3682  586
3683  1012
3684  641
3685  612
3686  586
3687  583
3688  563
3689  584
3690  606
3691  598
3692  595
3693  619
3694  592
3695  610
3696  588
3697  595
3698  588
3699  596
3700  595
3701  636
3702  586
3703  699
3704  587
3705  610
3706  572
3707  610
3708  568
3709  609
3710  605
3711  627
3712  588
3713  591
3714  582
3715  575
3716  633
3717  580
3718  575
3719  584
3720  585
3721  587
3722  585
3723  752
3724  609
3725  659
3726  609
3727  577
3728  559
3729  583
3730  612
3731  601
3732  586
3733  595
3734  588
3735  565
3736  654
3737  583
3738  555
3739  599
3740  669
3741  613
3742  581
3743  740
3744  606
3745  611
3746  580
3747  647
3748  596
3749  613
3750  612
3751  592
3752  577
3753  570
3754  572
3755  611
3756  576
3757  619
3758  560
3759  582
3760  580
3761  596
3762  569
3763  745
3764  611
3765  605
3766  581
3767  579
3768  597
3769  618
3770  612
3771  592
3772  599
3773  609
3774  596
3775  627
3776  584
3777  586
3778  596
3779  615
3780  645
3781  608
3782  614
3783  698
3784  597
3785  637
3786  613
3787  586
3788  613
3789  601
3790  601
3791  594
3792  578
3793  589
3794  589
3795  688
3796  587
3797  581
3798  590
3799  595
3800  578
3801  592
3802  596
3803  712
3804  604
3805  596
3806  602
3807  635
3808  569
3809  626
3810  599
3811  595
3812  583
3813  608
3814  569
3815  589
3816  578
3817  580
3818  554
3819  602
3820  616
3821  599
3822  588
3823  743
3824  598
3825  601
3826  609
3827  590
3828  576
3829  583
3830  601
3831  596
3832  577
3833  561
3834  605
3835  604
3836  629
3837  592
3838  576
3839  574
3840  598
3841  584
3842  591
3843  748
3844  656
3845  660
3846  600
3847  593
3848  615
3849  628
3850  605
3851  619
3852  606
3853  560
3854  587
3855  610
3856  585
3857  577
3858  603
3859  582
3860  600
3861  605
3862  580
3863  770
3864  620
3865  599
3866  594
3867  595
3868  583
3869  593
3870  585
3871  569
3872  587
3873  576
3874  592
3875  592
3876  571
3877  573
3878  558
3879  579
3880  612
3881  630
3882  680
3883  666
3884  598
3885  579
3886  588
3887  575
3888  563
3889  632
3890  584
3891  605
3892  601
3893  565
3894  616
3895  586
3896  569
3897  559
3898  596
3899  599
3900  580
3901  588
3902  660
3903  669
3904  663
3905  606
3906  583
3907  582
3908  582
3909  579
3910  647
3911  583
3912  583
3913  601
3914  595
3915  625
3916  570
3917  579
3918  547
3919  586
3920  718
3921  567
3922  656
3923  664
3924  592
3925  590
3926  577
3927  586
3928  605
3929  629
3930  631
3931  613
3932  609
3933  569
3934  606
3935  596
3936  639
3937  595
3938  564
3939  603
3940  600
3941  607
3942  653
3943  683
3944  620
3945  596
3946  597
3947  574
3948  597
3949  588
3950  594
3951  581
3952  585
3953  565
3954  580
3955  603
3956  575
3957  574
3958  548
3959  579
3960  578
3961  593
3962  683
3963  757
3964  680
3965  603
3966  590
3967  575
3968  575
3969  628
3970  600
3971  554
3972  612
3973  583
3974  583
3975  624
3976  575
3977  596
3978  561
3979  578
3980  608
3981  585
3982  661
3983  691
3984  613
3985  577
3986  597
3987  577
3988  568
3989  578
3990  580
3991  571
3992  598
3993  594
3994  597
3995  589
3996  604
3997  585
3998  589
3999  589
4000  607
4001  567
4002  666
4003  655
4004  591
4005  581
4006  587
4007  634
4008  572
4009  635
4010  599
4011  581
4012  577
4013  588
4014  581
4015  592
4016  581
4017  608
4018  582
4019  587
4020  591
4021  552
4022  656
4023  690
4024  684
4025  620
4026  580
4027  595
4028  558
4029  589
4030  603
4031  596
4032  600
4033  557
4034  590
4035  603
4036  651
4037  574
4038  606
4039  577
4040  604
4041  583
4042  659
4043  704
4044  607
4045  595
4046  586
4047  579
4048  629
4049  621
4050  582
4051  578
4052  607
4053  555
4054  587
4055  611
4056  600
4057  578
4058  594
4059  571
4060  584
4061  579
4062  655
4063  740
4064  611
4065  589
4066  592
4067  591
4068  560
4069  623
4070  603
4071  607
4072  604
4073  587
4074  586
4075  592
4076  587
4077  574
4078  563
4079  609
4080  587
4081  587
4082  655
4083  674
4084  656
4085  610
4086  622
4087  597
4088  591
4089  633
4090  605
4091  587
4092  591
4093  576
4094  598
4095  606
4096  566
4097  604
4098  604
4099  599
4100  632
4101  575
4102  751
4103  667
4104  642
4105  588
4106  617
4107  599
4108  695
4109  567
4110  630
4111  560
4112  605
4113  553
4114  590
4115  589
4116  572
4117  573
4118  697
4119  601
4120  615
4121  572
4122  689
4123  737
4124  609
4125  617
4126  574
4127  575
4128  586
4129  609
4130  605
4131  606
4132  624
4133  598
4134  621
4135  594
4136  633
4137  575
4138  579
4139  587
4140  601
4141  574
4142  664
4143  687
4144  662
4145  591
4146  585
4147  568
4148  592
4149  607
4150  606
4151  583
4152  598
4153  557
4154  605
4155  584
4156  583
4157  571
4158  566
4159  588
4160  598
4161  556
4162  633
4163  741
4164  684
4165  606
4166  637
4167  590
4168  582
4169  605
4170  587
4171  558
4172  592
4173  611
4174  592
4175  604
4176  568
4177  568
4178  567
4179  605
4180  630
4181  599
4182  672
4183  666
4184  604
4185  594
4186  570
4187  569
4188  596
4189  600
4190  589
4191  571
4192  583
4193  578
4194  598
4195  578
4196  579
4197  584
4198  600
4199  591
4200  593
4201  604
4202  667
4203  625
4204  675
4205  600
4206  582
4207  572
4208  578
4209  597
4210  595
4211  587
4212  606
4213  580
4214  616
4215  601
4216  590
4217  556
4218  573
4219  558
4220  582
4221  596
4222  669
4223  670
4224  600
4225  635
4226  577
4227  578
4228  558
4229  590
4230  642
4231  575
4232  603
4233  562
4234  603
4235  613
4236  639
4237  594
4238  575
4239  574
4240  592
4241  572
4242  687
4243  690
4244  606
4245  614
4246  596
4247  580
4248  605
4249  608
4250  600
4251  586
4252  610
4253  589
4254  596
4255  601
4256  598
4257  580
4258  573
4259  561
4260  619
4261  586
4262  666
4263  691
4264  642
4265  596
4266  596
4267  570
4268  594
4269  568
4270  590
4271  539
4272  601
4273  586
4274  583
4275  599
4276  593
4277  612
4278  591
4279  577
4280  608
4281  570
4282  746
4283  680
4284  624
4285  594
4286  582
4287  600
4288  590
4289  609
4290  595
4291  606
4292  623
4293  600
4294  620
4295  591
4296  574
4297  594
4298  588
4299  584
4300  603
4301  563
4302  671
4303  633
4304  594
4305  583
4306  586
4307  577
4308  601
4309  586
4310  592
4311  560
4312  589
4313  573
4314  588
4315  604
4316  595
4317  557
4318  588
4319  571
4320  588
4321  538
4322  673
4323  689
4324  655
4325  625
4326  594
4327  579
4328  580
4329  632
4330  605
4331  594
4332  584
4333  577
4334  610
4335  590
4336  662
4337  570
4338  593
4339  616
4340  608
4341  581
4342  711
4343  680
4344  600
4345  601
4346  595
4347  592
4348  589
4349  601
4350  586
4351  582
4352  583
4353  557
4354  580
4355  598
4356  599
4357  585
4358  584
4359  599
4360  612
4361  572
4362  671
4363  719
4364  611
4365  587
4366  572
4367  589
4368  582
4369  593
4370  601
4371  563
4372  615
4373  575
4374  589
4375  571
4376  588
4377  573
4378  577
4379  588
4380  619
4381  564
4382  604
4383  668
4384  642
4385  603
4386  590
4387  585
4388  593
4389  582
4390  587
4391  616
4392  589
4393  599
4394  591
4395  601
4396  587
4397  568
4398  597
4399  583
4400  592
4401  597
4402  646
4403  642
4404  622
4405  616
4406  592
4407  598
4408  583
4409  603
4410  600
4411  585
4412  594
4413  590
4414  586
4415  591
4416  578
4417  567
4418  584
4419  598
4420  590
4421  558
4422  634
4423  671
4424  631
4425  604
4426  597
4427  584
4428  578
4429  579
4430  606
4431  571
4432  619
4433  563
4434  623
4435  594
4436  627
4437  575
4438  574
4439  576
4440  603
4441  581
4442  648
4443  680
4444  632
4445  597
4446  566
4447  570
4448  588
4449  599
4450  617
4451  589
4452  602
4453  608
4454  592
4455  620
4456  564
4457  583
4458  585
4459  588
4460  580
4461  589
4462  621
4463  724
4464  621
4465  590
4466  589
4467  593
4468  602
4469  574
4470  598
4471  588
4472  602
4473  565
4474  625
4475  599
4476  585
4477  565
4478  579
4479  572
4480  604
4481  584
4482  624
4483  680
4484  616
4485  582
4486  579
4487  561
4488  632
4489  601
4490  614
4491  584
4492  594
4493  593
4494  589
4495  615
4496  580
4497  566
4498  611
4499  581
4500  602
4501  582
4502  680
4503  598
4504  637
4505  606
4506  596
4507  570
4508  590
4509  578
4510  583
4511  574
4512  582
4513  568
4514  595
4515  594
4516  623
4517  566
4518  571
4519  563
4520  579
4521  560
4522  738
4523  614
4524  594
4525  597
4526  605
4527  567
4528  575
4529  585
4530  636
4531  569
4532  584
4533  584
4534  618
4535  646
4536  595
4537  558
4538  583
4539  584
4540  605
4541  560
4542  718
4543  597
4544  602
4545  592
4546  579
4547  615
4548  613
4549  573
4550  594
4551  572
4552  581
4553  576
4554  627
4555  596
4556  580
4557  585
4558  581
4559  568
4560  590
4561  564
4562  755
4563  676
4564  655
4565  619
4566  575
4567  608
4568  611
4569  576
4570  600
4571  571
4572  604
4573  590
4574  605
4575  596
4576  608
4577  571
4578  600
4579  585
4580  615
4581  541
4582  702
4583  589
4584  606
4585  623
4586  601
4587  602
4588  597
4589  564
4590  591
4591  558
4592  597
4593  569
4594  618
4595  598
4596  587
4597  566
4598  616
4599  600
4600  589
4601  583
4602  668
4603  591
4604  594
4605  599
4606  588
4607  573
4608  608
4609  607
4610  616
4611  616
4612  609
4613  574
4614  608
4615  574
4616  600
4617  584
4618  595
4619  596
4620  587
4621  566
4622  707
4623  656
4624  615
4625  602
4626  599
4627  587
4628  592
4629  567
4630  602
4631  559
4632  595
4633  568
4634  642
4635  626
4636  580
4637  583
4638  582
4639  571
4640  599
4641  561
4642  744
4643  618
4644  606
4645  586
4646  589
4647  587
4648  624
4649  576
4650  607
4651  614
4652  596
4653  586
4654  605
4655  573
4656  569
4657  570
4658  592
4659  594
4660  607
4661  607
4662  741
4663  622
4664  605
4665  590
4666  596
4667  580
4668  585
4669  574
4670  578
4671  593
4672  596
4673  621
4674  634
4675  596
4676  594
4677  559
4678  593
4679  587
4680  607
4681  650
4682  738
4683  657
4684  631
4685  587
4686  587
4687  558
4688  613
4689  607
4690  608
4691  614
4692  615
4693  582
4694  621
4695  563
4696  578
4697  547
4698  616
4699  577
4700  613
4701  639
4702  645
4703  566
4704  597
4705  611
4706  590
4707  578
4708  582
4709  571
4710  598
4711  566
4712  593
4713  624
4714  624
4715  585
4716  577
4717  581
4718  576
4719  572
4720  601
4721  659
4722  752
4723  619
4724  624
4725  620
4726  582
4727  574
4728  611
4729  594
4730  587
4731  556
4732  589
4733  559
4734  661
4735  627
4736  584
4737  573
4738  597
4739  571
4740  598
4741  650
4742  683
4743  649
4744  607
4745  605
4746  591
4747  563
4748  616
4749  566
4750  598
4751  571
4752  573
4753  565
4754  631
4755  586
4756  604
4757  549
4758  572
4759  570
4760  596
4761  661
4762  748
4763  605
4764  603
4765  601
4766  579
4767  567
4768  628
4769  607
4770  596
4771  554
4772  592
4773  569
4774  607
4775  597
4776  574
4777  573
4778  569
4779  585
4780  589
4781  656
4782  647
4783  588
4784  601
4785  602
4786  614
4787  564
4788  581
4789  563
4790  589
4791  585
4792  619
4793  614
4794  615
4795  567
4796  595
4797  566
4798  591
4799  566
4800  617
4801  658
4802  653
4803  707
4804  607
4805  582
4806  597
4807  567
4808  630
4809  556
4810  601
4811  581
4812  598
4813  579
4814  622
4815  579
4816  600
4817  602
4818  593
4819  569
4820  583
4821  635
4822  697
4823  573
4824  627
4825  588
4826  580
4827  594
4828  595
4829  576
4830  596
4831  548
4832  591
4833  599
4834  606
4835  628
4836  575
4837  573
4838  594
4839  564
4840  606
4841  638
4842  716
4843  594
4844  607
4845  601
4846  589
4847  579
4848  654
4849  666
4850  606
4851  570
4852  583
4853  569
4854  612
4855  593
4856  597
4857  564
4858  596
4859  629
4860  597
4861  705
4862  748
4863  683
4864  637
4865  603
4866  579
4867  570
4868  578
4869  591
4870  576
4871  615
4872  586
4873  571
4874  617
4875  572
4876  607
4877  561
4878  618
4879  619
4880  609
4881  664
4882  685
4883  676
4884  626
4885  582
4886  583
4887  592
4888  612
4889  609
4890  583
4891  572
4892  580
4893  578
4894  611
4895  572
4896  590
4897  584
4898  593
4899  591
4900  615
4901  617
4902  621
4903  603
4904  603
4905  598
4906  577
4907  588
4908  584
4909  582
4910  622
4911  595
4912  590
4913  571
4914  591
4915  547
4916  576
4917  580
4918  586
4919  599
4920  585
4921  626
4922  705
4923  623
4924  610
4925  575
4926  591
4927  578
4928  627
4929  602
4930  596
4931  594
4932  567
4933  582
4934  628
4935  633
4936  591
4937  568
4938  582
4939  595
4940  594
4941  634
4942  724
4943  621
4944  663
4945  568
4946  581
4947  563
4948  599
4949  652
4950  609
4951  577
4952  587
4953  580
4954  600
4955  560
4956  580
4957  554
4958  591
4959  651
4960  589
4961  614
4962  693
4963  601
4964  602
4965  567
4966  589
4967  555
4968  623
4969  573
4970  596
4971  587
4972  591
4973  633
4974  611
4975  583
4976  583
4977  572
4978  591
4979  598
4980  592
4981  625
4982  668
4983  618
4984  594
4985  564
4986  584
4987  573
4988  581
4989  586
4990  597
4991  597
4992  576
4993  579
4994  576
4995  579
4996  554
4997  580
4998  603
4999  577
5000  661
5001  635
5002  625
5003  586
5004  657
5005  584
5006  630
5007  589
5008  632
5009  577
5010  591
5011  573
5012  583
5013  593
5014  612
5015  571
5016  575
5017  552
5018  571
5019  569
5020  595
5021  626
5022  683
5023  597
5024  616
5025  556
5026  572
5027  566
5028  585
5029  607
5030  651
5031  597
5032  601
5033  578
5034  607
5035  649
5036  581
5037  597
5038  594
5039  626
5040  599
5041  646
5042  669
5043  625
5044  618
5045  601
5046  573
5047  599
5048  639
5049  590
5050  579
5051  589
5052  593
5053  586
5054  623
5055  586
5056  593
5057  556
5058  577
5059  575
5060  592
5061  624
5062  724
5063  599
5064  604
5065  560
5066  594
5067  572
5068  590
5069  595
5070  609
5071  605
5072  592
5073  574
5074  598
5075  550
5076  619
5077  566
5078  606
5079  594
5080  607
5081  639
5082  665
5083  591
5084  621
5085  589
5086  599
5087  600
5088  623
5089  584
5090  587
5091  579
5092  597
5093  585
5094  596
5095  563
5096  570
5097  580
5098  595
5099  590
5100  584
5101  642
5102  633
5103  668
5104  616
5105  589
5106  576
5107  556
5108  588
5109  592
5110  604
5111  578
5112  582
5113  575
5114  605
5115  589
5116  619
5117  593
5118  622
5119  601
5120  585
5121  636
5122  664
5123  612
5124  630
5125  612
5126  586
5127  561
5128  665
5129  590
5130  597
5131  564
5132  593
5133  595
5134  612
5135  623
5136  604
5137  575
5138  584
5139  595
5140  608
5141  637
5142  680
5143  590
5144  616
5145  571
5146  595
5147  577
5148  601
5149  610
5150  610
5151  584
5152  579
5153  581
5154  586
5155  568
5156  592
5157  576
5158  584
5159  585
5160  595
5161  635
5162  749
5163  645
5164  627
5165  587
5166  584
5167  605
5168  602
5169  591
5170  603
5171  584
5172  589
5173  577
5174  595
5175  552
5176  576
5177  578
5178  614
5179  715
5180  620
5181  612
5182  681
5183  593
5184  607
5185  552
5186  586
5187  582
5188  607
5189  641
5190  580
5191  599
5192  590
5193  578
5194  588
5195  580
5196  583
5197  601
5198  629
5199  594
5200  610
5201  635
5202  635
5203  610
5204  598
5205  580
5206  596
5207  559
5208  603
5209  582
5210  565
5211  610
5212  605
5213  599
5214  599
5215  559
5216  586
5217  557
5218  576
5219  594
5220  572
5221  616
5222  674
5223  621
5224  635
5225  577
5226  579
5227  569
5228  603
5229  623
5230  581
5231  585
5232  598
5233  702
5234  597
5235  619
5236  583
5237  545
5238  585
5239  586
5240  576
5241  620
5242  699
5243  613
5244  607
5245  578
5246  591
5247  589
5248  609
5249  587
5250  591
5251  588
5252  570
5253  593
5254  593
5255  565
5256  571
5257  554
5258  586
5259  612
5260  598
5261  642
5262  715
5263  607
5264  594
5265  569
5266  576
5267  569
5268  576
5269  578
5270  566
5271  591
5272  578
5273  578
5274  608
5275  590
5276  591
5277  569
5278  603
5279  582
5280  579
5281  627
5282  699
5283  606
5284  611
5285  565
5286  588
5287  553
5288  601
5289  575
5290  584
5291  591
5292  605
5293  602
5294  608
5295  605
5296  579
5297  651
5298  583
5299  600
5300  595
5301  906
5302  610
5303  585
5304  594
5305  590
5306  573
5307  580
5308  592
5309  587
5310  576
5311  583
5312  589
5313  579
5314  584
5315  638
5316  579
5317  568
5318  571
5319  571
5320  561
5321  761
5322  616
5323  613
5324  635
5325  576
5326  601
5327  571
5328  634
5329  590
5330  625
5331  585
5332  590
5333  616
5334  649
5335  570
5336  592
5337  561
5338  593
5339  595
5340  596
5341  708
5342  672
5343  590
5344  611
5345  556
5346  595
5347  589
5348  582
5349  602
5350  581
5351  569
5352  577
5353  579
5354  601
5355  585
5356  592
5357  615
5358  599
5359  596
5360  591
5361  739
5362  661
5363  635
5364  598
5365  580
5366  606
5367  616
5368  582
5369  579
5370  554
5371  615
5372  585
5373  602
5374  581
5375  570
5376  577
5377  558
5378  610
5379  604
5380  556
5381  688
5382  602
5383  599
5384  601
5385  580
5386  597
5387  575
5388  605
5389  586
5390  578
5391  581
5392  604
5393  602
5394  595
5395  584
5396  591
5397  579
5398  598
5399  578
5400  595
5401  668
5402  691
5403  605
5404  624
5405  583
5406  613
5407  599
5408  586
5409  596
5410  586
5411  592
5412  576
5413  599
5414  574
5415  562
5416  588
5417  578
5418  596
5419  599
5420  579
5421  714
5422  598
5423  613
5424  588
5425  574
5426  598
5427  625
5428  593
5429  589
5430  585
5431  569
5432  584
5433  632
5434  676
5435  578
5436  592
5437  590
5438  597
5439  591
5440  593
5441  717
5442  625
5443  611
5444  607
5445  568
5446  577
5447  636
5448  585
5449  574
5450  614
5451  593
5452  599
5453  594
5454  574
5455  556
5456  567
5457  575
5458  610
5459  577
5460  666
5461  735
5462  682
5463  585
5464  614
5465  596
5466  592
5467  574
5468  602
5469  617
5470  572
5471  595
5472  572
5473  602
5474  601
5475  555
5476  565
5477  585
5478  617
5479  604
5480  631
5481  696
5482  639
5483  600
5484  609
5485  574
5486  584
5487  584
5488  586
5489  621
5490  595
5491  601
5492  595
5493  601
5494  583
5495  556
5496  575
5497  592
5498  614
5499  601
5500  660
5501  632
5502  606
5503  601
5504  620
5505  581
5506  586
5507  558
5508  581
5509  596
5510  591
5511  591
5512  574
5513  664
5514  596
5515  641
5516  598
5517  710
5518  591
5519  650
5520  690
5521  723
5522  680
5523  650
5524  589
5525  577
5526  575
5527  721
5528  603
5529  621
5530  588
5531  596
5532  579
5533  661
5534  626
5535  607
5536  582
5537  701
5538  588
5539  599
5540  658
5541  682
5542  594
5543  607
5544  617
5545  586
5546  607
5547  582
5548  585
5549  597
5550  578
5551  587
5552  587
5553  606
5554  608
5555  609
5556  575
5557  568
5558  576
5559  582
5560  669
5561  679
5562  632
5563  594
5564  665
5565  605
5566  579
5567  599
5568  653
5569  596
5570  568
5571  597
5572  595
5573  609
5574  569
5575  608
5576  579
5577  576
5578  576
5579  592
5580  630
5581  682
5582  632
5583  614
5584  587
5585  605
5586  583
5587  574
5588  581
5589  589
5590  575
5591  692
5592  695
5593  610
5594  582
5595  575
5596  596
5597  581
5598  587
5599  600
5600  670
5601  667
5602  590
5603  592
5604  601
5605  564
5606  612
5607  621
5608  595
5609  602
5610  585
5611  588
5612  580
5613  588
5614  595
5615  582
5616  565
5617  589
5618  586
5619  589
5620  644
5621  705
5622  622
5623  624
5624  608
5625  590
5626  571
5627  598
5628  577
5629  602
5630  551
5631  633
5632  562
5633  609
5634  644
5635  601
5636  557
5637  588
5638  562
5639  616
5640  648
5641  701
5642  651
5643  596
5644  594
5645  585
5646  589
5647  608
5648  606
5649  593
5650  593
5651  584
5652  600
5653  605
5654  623
5655  604
5656  608
5657  585
5658  593
5659  603
5660  648
5661  738
5662  622
5663  613
5664  591
5665  588
5666  569
5667  567
5668  593
5669  595
5670  581
5671  615
5672  584
5673  629
5674  575
5675  597
5676  577
5677  598
5678  580
5679  624
5680  644
5681  735
5682  569
5683  669
5684  563
5685  580
5686  601
5687  607
5688  575
5689  603
5690  581
5691  654
5692  576
5693  627
5694  573
5695  577
5696  584
5697  597
5698  567
5699  597
5700  664
5701  652
5702  653
5703  643
5704  588
5705  571
5706  574
5707  584
5708  565
5709  602
5710  601
5711  588
5712  563
5713  603
5714  584
5715  571
5716  570
5717  581
5718  586
5719  616
5720  741
5721  690
5722  582
5723  621
5724  582
5725  595
5726  585
5727  597
5728  596
5729  614
5730  545
5731  605
5732  564
5733  626
5734  644
5735  603
5736  565
5737  590
5738  586
5739  595
5740  646
5741  684
5742  582
5743  614
5744  555
5745  588
5746  555
5747  608
5748  581
5749  647
5750  571
5751  599
5752  589
5753  615
5754  574
5755  573
5756  560
5757  573
5758  599
5759  597
5760  656
5761  735
5762  659
5763  621
5764  575
5765  607
5766  587
5767  619
5768  572
5769  596
5770  565
5771  584
5772  595
5773  633
5774  574
5775  564
5776  552
5777  584
5778  573
5779  589
5780  652
5781  712
5782  588
5783  630
5784  563
5785  577
5786  565
5787  581
5788  565
5789  605
5790  586
5791  601
5792  562
5793  628
5794  570
5795  579
5796  555
5797  629
5798  575
5799  616
5800  632
5801  648
5802  572
5803  609
5804  595
5805  603
5806  591
5807  600
5808  573
5809  588
5810  569
5811  601
5812  570
5813  645
5814  605
5815  604
5816  561
5817  579
5818  570
5819  593
5820  649
5821  667
5822  647
5823  625
5824  594
5825  571
5826  576
5827  596
5828  575
5829  600
5830  565
5831  630
5832  586
5833  659
5834  627
5835  603
5836  567
5837  583
5838  585
5839  602
5840  671
5841  690
5842  601
5843  620
5844  603
5845  618
5846  595
5847  608
5848  570
5849  598
5850  563
5851  587
5852  578
5853  627
5854  554
5855  607
5856  568
5857  578
5858  563
5859  603
5860  667
5861  743
5862  623
5863  630
5864  571
5865  569
5866  592
5867  587
5868  568
5869  605
5870  570
5871  581
5872  572
5873  617
5874  590
5875  588
5876  603
5877  632
5878  596
5879  596
5880  652
5881  697
5882  645
5883  601
5884  584
5885  588
5886  557
5887  608
5888  568
5889  593
5890  564
5891  604
5892  581
5893  627
5894  602
5895  608
5896  563
5897  607
5898  573
5899  608
5900  659
5901  644
5902  573
5903  615
5904  594
5905  596
5906  557
5907  593
5908  588
5909  626
5910  583
5911  588
5912  562
5913  611
5914  701
5915  594
5916  580
5917  596
5918  591
5919  598
5920  672
5921  640
5922  584
5923  634
5924  590
5925  606
5926  573
5927  605
5928  599
5929  612
5930  563
5931  592
5932  583
5933  620
5934  630
5935  585
5936  564
5937  562
5938  558
5939  624
5940  659
5941  806
5942  652
5943  621
5944  560
5945  587
5946  592
5947  592
5948  590
5949  605
5950  561
5951  581
5952  565
5953  607
5954  561
5955  589
5956  589
5957  585
5958  562
5959  603
5960  646
5961  739
5962  581
5963  655
5964  561
5965  577
5966  586
5967  596
5968  562
5969  586
5970  592
5971  598
5972  589
5973  623
5974  600
5975  566
5976  569
5977  599
5978  581
5979  611
5980  612
5981  697
5982  586
5983  610
5984  576
5985  566
5986  563
5987  595
5988  594
5989  609
5990  610
5991  606
5992  580
5993  612
5994  559
5995  591
5996  572
5997  613
5998  610
5999  597
6000  656
6001  714
6002  595
6003  647
6004  593
6005  607
6006  564
6007  622
6008  582
6009  597
6010  572
6011  612
6012  549
6013  623
6014  559
6015  575
6016  541
6017  594
6018  580
6019  610
6020  658
6021  641
6022  606
6023  624
6024  572
6025  574
6026  567
6027  600
6028  567
6029  592
6030  547
6031  603
6032  589
6033  648
6034  639
6035  596
6036  586
6037  585
6038  579
6039  590
6040  671
6041  689
6042  737
6043  622
6044  581
6045  568
6046  554
6047  600
6048  564
6049  615
6050  600
6051  604
6052  572
6053  628
6054  565
6055  584
6056  564
6057  574
6058  569
6059  600
6060  616
6061  772
6062  596
6063  610
6064  559
6065  582
6066  579
6067  608
6068  563
6069  618
6070  577
6071  633
6072  567
6073  609
6074  603
6075  593
6076  570
6077  627
6078  583
6079  604
6080  632
6081  663
6082  594
6083  629
6084  592
6085  589
6086  567
6087  593
6088  574
6089  610
6090  588
6091  600
6092  568
6093  604
6094  583
6095  568
6096  567
6097  612
6098  585
6099  621
6100  675
6101  647
6102  609
6103  615
6104  570
6105  621
6106  580
6107  579
6108  556
6109  598
6110  571
6111  607
6112  589
6113  633
6114  577
6115  631
6116  564
6117  573
6118  615
6119  603
6120  752
6121  683
6122  604
6123  633
6124  555
6125  585
6126  594
6127  614
6128  686
6129  605
6130  565
6131  607
6132  572
6133  647
6134  642
6135  616
6136  594
6137  586
6138  684
6139  590
6140  809
6141  624
6142  698
6143  593
6144  566
6145  596
6146  627
6147  619
6148  602
6149  610
6150  614
6151  587
6152  650
6153  611
6154  568
6155  597
6156  555
6157  592
6158  579
6159  592
6160  676
6161  685
6162  615
6163  607
6164  599
6165  583
6166  671
6167  592
6168  687
6169  614
6170  578
6171  550
6172  601
6173  581
6174  572
6175  587
6176  563
6177  646
6178  603
6179  566
6180  667
6181  678
6182  590
6183  590
6184  580
6185  602
6186  567
6187  575
6188  586
6189  584
6190  572
6191  597
6192  602
6193  604
6194  577
6195  589
6196  565
6197  630
6198  587
6199  626
6200  676
6201  583
6202  596
6203  601
6204  618
6205  597
6206  595
6207  592
6208  595
6209  617
6210  588
6211  580
6212  587
6213  583
6214  556
6215  584
6216  593
6217  581
6218  593
6219  598
6220  659
6221  570
6222  589
6223  613
6224  574
6225  603
6226  575
6227  593
6228  589
6229  600
6230  592
6231  587
6232  607
6233  668
6234  586
6235  576
6236  579
6237  585
6238  576
6239  601
6240  676
6241  666
6242  589
6243  591
6244  566
6245  576
6246  592
6247  623
6248  590
6249  603
6250  593
6251  579
6252  585
6253  582
6254  576
6255  573
6256  576
6257  589
6258  587
6259  672
6260  653
6261  705
6262  597
6263  633
6264  552
6265  589
6266  553
6267  579
6268  590
6269  612
6270  610
6271  594
6272  602
6273  585
6274  558
6275  571
6276  553
6277  601
6278  600
6279  648
6280  641
6281  606
6282  576
6283  613
6284  553
6285  580
6286  586
6287  594
6288  592
6289  591
6290  583
6291  579
6292  603
6293  578
6294  594
6295  587
6296  563
6297  601
6298  576
6299  667
6300  631
6301  677
6302  605
6303  635
6304  591
6305  604
6306  595
6307  583
6308  590
6309  580
6310  601
6311  563
6312  631
6313  605
6314  562
6315  579
6316  550
6317  586
6318  591
6319  677
6320  641
6321  569
6322  586
6323  603
6324  566
6325  598
6326  603
6327  602
6328  589
6329  573
6330  585
6331  585
6332  591
6333  675
6334  572
6335  600
6336  560
6337  593
6338  579
6339  686
6340  622
6341  613
6342  600
6343  601
6344  584
6345  574
6346  554
6347  598
6348  591
6349  604
6350  596
6351  611
6352  590
6353  574
6354  585
6355  570
6356  558
6357  577
6358  599
6359  655
6360  666
6361  642
6362  596
6363  585
6364  619
6365  594
6366  607
6367  578
6368  580
6369  586
6370  575
6371  561
6372  599
6373  622
6374  563
6375  603
6376  563
6377  621
6378  593
6379  682
6380  655
6381  611
6382  602
6383  618
6384  561
6385  596
6386  588
6387  588
6388  591
6389  620
6390  581
6391  637
6392  584
6393  579
6394  541
6395  577
6396  602
6397  652
6398  596
6399  665
6400  654
6401  588
6402  586
6403  610
6404  590
6405  583
6406  614
6407  595
6408  594
6409  597
6410  576
6411  576
6412  602
6413  600
6414  592
6415  569
6416  587
6417  575
6418  589
6419  666
6420  730
6421  606
6422  621
6423  598
6424  584
6425  585
6426  557
6427  611
6428  620
6429  589
6430  582
6431  582
6432  590
6433  648
6434  588
6435  596
6436  568
6437  599
6438  668
6439  655
6440  651
6441  625
6442  598
6443  621
6444  595
6445  598
6446  582
6447  597
6448  586
6449  574
6450  600
6451  590
6452  588
6453  601
6454  569
6455  609
6456  562
6457  573
6458  608
6459  662
6460  674
6461  622
6462  617
6463  607
6464  568
6465  586
6466  571
6467  600
6468  601
6469  593
6470  585
6471  543
6472  603
6473  561
6474  547
6475  609
6476  607
6477  608
6478  588
6479  649
6480  649
6481  665
6482  614
6483  589
6484  567
6485  577
6486  629
6487  588
6488  594
6489  610
6490  600
6491  604
6492  593
6493  577
6494  568
6495  579
6496  571
6497  603
6498  594
6499  682
6500  633
6501  589
6502  604
6503  586
6504  559
6505  573
6506  579
6507  601
6508  598
6509  587
6510  580
6511  577
6512  598
6513  574
6514  569
6515  568
6516  558
6517  590
6518  591
6519  659
6520  677
6521  562
6522  640
6523  599
6524  584
6525  571
6526  594
6527  598
6528  590
6529  556
6530  596
6531  597
6532  589
6533  655
6534  565
6535  572
6536  557
6537  575
6538  598
6539  669
6540  640
6541  644
6542  607
6543  599
6544  563
6545  587
6546  581
6547  606
6548  600
6549  589
6550  583
6551  593
6552  590
6553  605
6554  564
6555  592
6556  576
6557  572
6558  586
6559  663
6560  665
6561  634
6562  611
6563  586
6564  564
6565  566
6566  594
6567  579
6568  588
6569  598
6570  592
6571  569
6572  592
6573  567
6574  561
6575  571
6576  566
6577  591
6578  620
6579  621
6580  643
6581  586
6582  595
6583  624
6584  564
6585  594
6586  568
6587  588
6588  590
6589  586
6590  593
6591  584
6592  587
6593  598
6594  572
6595  584
6596  555
6597  599
6598  575
6599  667
6600  649
6601  678
6602  622
6603  605
6604  554
6605  585
6606  585
6607  589
6608  587
6609  598
6610  582
6611  581
6612  607
6613  585
6614  611
6615  583
6616  583
6617  597
6618  606
6619  671
6620  647
6621  601
6622  614
6623  584
6624  610
6625  605
6626  564
6627  596
6628  608
6629  551
6630  594
6631  590
6632  593
6633  662
6634  609
6635  597
6636  557
6637  586
6638  587
6639  667
6640  638
6641  608
6642  597
6643  584
6644  553
6645  599
6646  601
6647  611
6648  597
6649  601
6650  605
6651  588
6652  594
6653  582
6654  556
6655  595
6656  556
6657  600
6658  575
6659  660
6660  706
6661  624
6662  587
6663  575
6664  573
6665  589
6666  608
6667  593
6668  588
6669  575
6670  580
6671  549
6672  589
6673  603
6674  562
6675  579
6676  588
6677  602
6678  595
6679  713
6680  716
6681  602
6682  649
6683  576
6684  598
6685  572
6686  657
6687  576
6688  604
6689  561
6690  590
6691  583
6692  594
6693  593
6694  610
6695  584
6696  586
6697  637
6698  633
6699  655
6700  648
6701  591
6702  623
6703  594
6704  605
6705  589
6706  577
6707  592
6708  588
6709  582
6710  579
6711  608
6712  606
6713  590
6714  592
6715  599
6716  555
6717  577
6718  616
6719  674
6720  679
6721  561
6722  612
6723  583
6724  569
6725  592
6726  626
6727  622
6728  623
6729  575
6730  589
6731  573
6732  603
6733  655
6734  573
6735  595
6736  583
6737  576
6738  617
6739  734
6740  660
6741  576
6742  693
6743  599
6744  608
6745  597
6746  565
6747  601
6748  604
6749  598
6750  599
6751  593
6752  592
6753  577
6754  564
6755  571
6756  579
6757  583
6758  603
6759  667
6760  667
6761  618
6762  606
6763  585
6764  557
6765  587
6766  613
6767  597
6768  600
6769  581
6770  592
6771  548
6772  597
6773  585
6774  597
6775  622
6776  618
6777  626
6778  602
6779  618
6780  682
6781  587
6782  642
6783  588
6784  589
6785  592
6786  564
6787  582
6788  590
6789  572
6790  620
6791  582
6792  622
6793  566
6794  572
6795  567
6796  560
6797  613
6798  603
6799  657
6800  643
6801  608
6802  604
6803  588
6804  572
6805  578
6806  621
6807  599
6808  608
6809  578
6810  613
6811  598
6812  616
6813  576
6814  570
6815  573
6816  561
6817  597
6818  595
6819  652
6820  645
6821  612
6822  621
6823  590
6824  581
6825  571
6826  576
6827  591
6828  626
6829  587
6830  598
6831  575
6832  600
6833  640
6834  576
6835  575
6836  570
6837  599
6838  604
6839  656
6840  695
6841  596
6842  613
6843  573
6844  570
6845  565
6846  631
6847  592
6848  600
6849  578
6850  611
6851  589
6852  620
6853  611
6854  579
6855  595
6856  563
6857  593
6858  590
6859  651
6860  670
6861  625
6862  619
6863  606
6864  586
6865  580
6866  561
6867  573
6868  620
6869  601
6870  608
6871  570
6872  593
6873  598
6874  555
6875  576
6876  577
6877  613
6878  591
6879  594
6880  630
6881  611
6882  615
6883  583
6884  612
6885  602
6886  618
6887  597
6888  585
6889  571
6890  598
6891  589
6892  593
6893  581
6894  590
6895  572
6896  560
6897  594
6898  615
6899  640
6900  736
6901  602
6902  673
6903  592
6904  608
6905  617
6906  668
6907  577
6908  627
6909  587
6910  626
6911  586
6912  605
6913  569
6914  569
6915  596
6916  591
6917  591
6918  626
6919  768
6920  621
6921  549
6922  647
6923  601
6924  593
6925  598
6926  702
6927  600
6928  592
6929  548
6930  585
6931  575
6932  616
6933  675
6934  625
6935  565
6936  631
6937  586
6938  618
6939  751
6940  637
6941  577
6942  624
6943  601
6944  585
6945  564
6946  586
6947  585
6948  618
6949  579
6950  610
6951  573
6952  597
6953  585
6954  600
6955  560
6956  606
6957  581
6958  594
6959  747
6960  721
6961  595
6962  612
6963  574
6964  609
6965  584
6966  608
6967  576
6968  606
6969  576
6970  586
6971  560
6972  602
6973  566
6974  591
6975  563
6976  594
6977  595
6978  586
6979  710
6980  617
6981  596
6982  598
6983  573
6984  592
6985  564
6986  582
6987  574
6988  608
6989  563
6990  613
6991  582
6992  592
6993  558
6994  579
6995  589
6996  587
6997  604
6998  624
6999  649
7000  639
7001  575
7002  655
7003  582
7004  594
7005  606
7006  577
7007  551
7008  596
7009  550
7010  591
7011  578
7012  616
7013  588
7014  578
7015  557
7016  574
7017  545
7018  602
7019  721
7020  709
7021  581
7022  615
7023  570
7024  574
7025  554
7026  626
7027  600
7028  603
7029  602
7030  592
7031  591
7032  654
7033  603
7034  576
7035  584
7036  600
7037  569
7038  661
7039  699
7040  634
7041  566
7042  611
7043  575
7044  605
7045  598
7046  577
7047  607
7048  595
7049  540
7050  605
7051  591
7052  597
7053  556
7054  580
7055  566
7056  583
7057  581
7058  696
7059  723
7060  658
7061  573
7062  631
7063  567
7064  643
7065  562
7066  594
7067  596
7068  609
7069  565
7070  586
7071  574
7072  605
7073  566
7074  572
7075  577
7076  621
7077  587
7078  662
7079  666
7080  673
7081  597
7082  617
7083  582
7084  579
7085  600
7086  579
7087  567
7088  584
7089  574
7090  636
7091  596
7092  636
7093  585
7094  599
7095  566
7096  574
7097  614
7098  706
7099  644
7100  605
7101  585
7102  625
7103  567
7104  574
7105  551
7106  585
7107  570
7108  617
7109  580
7110  584
7111  573
7112  595
7113  542
7114  587
7115  556
7116  588
7117  530
7118  655
7119  658
7120  614
7121  560
7122  613
7123  615
7124  601
7125  593
7126  602
7127  584
7128  601
7129  545
7130  617
7131  586
7132  654
7133  603
7134  598
7135  567
7136  594
7137  561
7138  679
7139  662
7140  640
7141  576
7142  602
7143  601
7144  592
7145  553
7146  590
7147  587
7148  603
7149  536
7150  591
7151  604
7152  597
7153  557
7154  618
7155  567
7156  588
7157  550
7158  681
7159  743
7160  648
7161  608
7162  630
7163  566
7164  603
7165  588
7166  582
7167  540
7168  597
7169  566
7170  632
7171  605
7172  596
7173  563
7174  576
7175  586
7176  602
7177  587
7178  654
7179  657
7180  612
7181  568
7182  592
7183  565
7184  575
7185  597
7186  590
7187  580
7188  596
7189  562
7190  601
7191  579
7192  616
7193  592
7194  571
7195  614
7196  574
7197  596
7198  666
7199  640
7200  682
7201  583
7202  633
7203  595
7204  588
7205  633
7206  637
7207  572
7208  587
7209  580
7210  590
7211  571
7212  590
7213  576
7214  581
7215  553
7216  595
7217  544
7218  681
7219  662
7220  614
7221  545
7222  613
7223  573
7224  590
7225  571
7226  608
7227  636
7228  588
7229  574
7230  585
7231  584
7232  673
7233  600
7234  615
7235  615
7236  584
7237  586
7238  665
7239  718
7240  618
7241  584
7242  616
7243  572
7244  590
7245  593
7246  590
7247  611
7248  596
7249  563
7250  603
7251  611
7252  603
7253  575
7254  597
7255  581
7256  580
7257  564
7258  706
7259  712
7260  728
7261  595
7262  598
7263  564
7264  594
7265  600
7266  593
7267  567
7268  609
7269  570
7270  600
7271  571
7272  615
7273  575
7274  582
7275  575
7276  607
7277  563
7278  757
7279  692
7280  627
7281  612
7282  613
7283  568
7284  576
7285  600
7286  587
7287  569
7288  614
7289  610
7290  599
7291  588
7292  599
7293  565
7294  594
7295  575
7296  602
7297  603
7298  675
7299  642
7300  593
7301  593
7302  601
7303  569
7304  589
7305  584
7306  574
7307  574
7308  605
7309  558
7310  598
7311  582
7312  618
7313  586
7314  604
7315  576
7316  578
7317  577
7318  662
7319  768
7320  671
7321  654
7322  614
7323  562
7324  585
7325  600
7326  603
7327  578
7328  610
7329  567
7330  612
7331  570
7332  663
7333  577
7334  582
7335  567
7336  593
7337  568
7338  661
7339  678
7340  609
7341  613
7342  605
7343  581
7344  598
7345  572
7346  597
7347  588
7348  598
7349  558
7350  598
7351  602
7352  612
7353  565
7354  571
7355  569
7356  565
7357  567
7358  613
7359  750
7360  637
7361  604
7362  619
7363  582
7364  585
7365  593
7366  583
7367  554
7368  611
7369  573
7370  598
7371  577
7372  610
7373  554
7374  581
7375  570
7376  617
7377  582
7378  658
7379  693
7380  625
7381  571
7382  599
7383  559
7384  608
7385  549
7386  579
7387  577
7388  620
7389  580
7390  599
7391  598
7392  606
7393  603
7394  582
7395  556
7396  577
7397  615
7398  672
7399  622
7400  625
7401  585
7402  603
7403  586
7404  573
7405  594
7406  577
7407  577
7408  610
7409  584
7410  611
7411  599
7412  609
7413  566
7414  610
7415  652
7416  594
7417  545
7418  673
7419  820
7420  616
7421  634
7422  592
7423  594
7424  620
7425  577
7426  601
7427  709
7428  602
7429  685
7430  610
7431  695
7432  656
7433  589
7434  591
7435  550
7436  586
7437  603
7438  680
7439  656
7440  604
7441  658
7442  598
7443  569
7444  589
7445  617
7446  581
7447  691
7448  599
7449  584
7450  583
7451  595
7452  599
7453  563
7454  586
7455  601
7456  592
7457  593
7458  656
7459  655
7460  613
7461  595
7462  603
7463  582
7464  571
7465  607
7466  578
7467  583
7468  592
7469  576
7470  591
7471  593
7472  583
7473  575
7474  577
7475  568
7476  605
7477  578
7478  683
7479  648
7480  598
7481  584
7482  587
7483  586
7484  587
7485  594
7486  602
7487  605
7488  610
7489  581
7490  581
7491  580
7492  583
7493  576
7494  592
7495  589
7496  578
7497  618
7498  663
7499  651
7500  588
7501  605
7502  608
7503  574
7504  605
7505  571
7506  585
7507  581
7508  588
7509  574
7510  587
7511  585
7512  595
7513  572
7514  576
7515  566
7516  579
7517  609
7518  673
7519  644
7520  582
7521  590
7522  570
7523  581
7524  586
7525  632
7526  616
7527  584
7528  587
7529  580
7530  586
7531  589
7532  661
7533  612
7534  603
7535  603
7536  590
7537  583
7538  629
7539  634
7540  592
7541  589
7542  606
7543  545
7544  579
7545  575
7546  606
7547  592
7548  591
7549  623
7550  591
7551  603
7552  579
7553  558
7554  578
7555  557
7556  583
7557  576
7558  686
7559  664
7560  605
7561  590
7562  578
7563  560
7564  576
7565  613
7566  597
7567  617
7568  640
7569  598
7570  583
7571  596
7572  560
7573  578
7574  587
7575  565
7576  623
7577  587
7578  651
7579  638
7580  637
7581  608
7582  610
7583  571
7584  584
7585  555
7586  582
7587  591
7588  594
7589  597
7590  590
7591  595
7592  586
7593  548
7594  579
7595  561
7596  645
7597  607
7598  681
7599  630
7600  624
7601  588
7602  603
7603  574
7604  581
7605  606
7606  577
7607  580
7608  591
7609  584
7610  573
7611  598
7612  570
7613  630
7614  620
7615  576
7616  573
7617  584
7618  617
7619  639
7620  591
7621  623
7622  553
7623  571
7624  578
7625  571
7626  596
7627  583
7628  605
7629  592
7630  595
7631  595
7632  662
7633  586
7634  584
7635  550
7636  596
7637  595
7638  672
7639  634
7640  597
7641  591
7642  594
7643  560
7644  600
7645  604
7646  635
7647  590
7648  606
7649  582
7650  602
7651  587
7652  669
7653  565
7654  594
7655  551
7656  574
7657  597
7658  653
7659  687
7660  644
7661  624
7662  595
7663  605
7664  580
7665  585
7666  576
7667  627
7668  606
7669  603
7670  610
7671  597
7672  568
7673  585
7674  575
7675  619
7676  612
7677  633
7678  606
7679  667
7680  597
7681  602
7682  564
7683  588
7684  621
7685  602
7686  577
7687  650
7688  599
7689  587
7690  581
7691  606
7692  603
7693  588
7694  592
7695  563
7696  603
7697  590
7698  651
7699  656
7700  588
7701  594
7702  584
7703  567
7704  614
7705  572
7706  579
7707  586
7708  598
7709  594
7710  603
7711  632
7712  578
7713  564
7714  567
7715  599
7716  592
7717  603
7718  758
7719  600
7720  583
7721  599
7722  619
7723  589
7724  587
7725  709
7726  613
7727  592
7728  554
7729  592
7730  584
7731  611
7732  610
7733  595
7734  577
7735  566
7736  591
7737  582
7738  774
7739  663
7740  606
7741  602
7742  586
7743  591
7744  578
7745  565
7746  636
7747  609
7748  583
7749  599
7750  596
7751  593
7752  588
7753  581
7754  571
7755  578
7756  605
7757  584
7758  778
7759  609
7760  613
7761  593
7762  593
7763  580
7764  579
7765  596
7766  570
7767  593
7768  574
7769  579
7770  603
7771  593
7772  595
7773  575
7774  596
7775  585
7776  586
7777  594
7778  706
7779  599
7780  580
7781  592
7782  595
7783  592
7784  592
7785  581
7786  592
7787  631
7788  589
7789  585
7790  586
7791  578
7792  575
7793  558
7794  579
7795  597
7796  591
7797  584
7798  650
7799  628
7800  590
7801  594
7802  608
7803  586
7804  620
7805  594
7806  597
7807  599
7808  595
7809  581
7810  609
7811  621
7812  597
7813  563
7814  577
7815  578
7816  576
7817  584
7818  756
7819  639
7820  610
7821  594
7822  560
7823  575
7824  570
7825  567
7826  596
7827  581
7828  545
7829  599
7830  594
7831  651
7832  578
7833  567
7834  580
7835  588
7836  596
7837  663
7838  728
7839  608
7840  569
7841  634
7842  580
7843  568
7844  597
7845  559
7846  593
7847  593
7848  557
7849  591
7850  623
7851  600
7852  580
7853  575
7854  584
7855  581
7856  581
7857  674
7858  727
7859  648
7860  602
7861  599
7862  597
7863  562
7864  574
7865  562
7866  594
7867  614
7868  579
7869  586
7870  588
7871  627
7872  555
7873  577
7874  571
7875  594
7876  582
7877  659
7878  693
7879  605
7880  594
7881  615
7882  592
7883  610
7884  622
7885  583
7886  580
7887  608
7888  597
7889  609
7890  579
7891  619
7892  582
7893  570
7894  560
7895  575
7896  592
7897  675
7898  651
7899  600
7900  601
7901  602
7902  601
7903  568
7904  583
7905  573
7906  592
7907  586
7908  576
7909  601
7910  598
7911  582
7912  604
7913  593
7914  588
7915  571
7916  565
7917  662
7918  700
7919  630
7920  633
7921  599
7922  607
7923  581
7924  605
7925  577
7926  582
7927  588
7928  567
7929  602
7930  620
7931  647
7932  600
7933  600
7934  573
7935  577
7936  574
7937  666
7938  676
7939  608
7940  590
7941  595
7942  577
7943  628
7944  582
7945  586
7946  608
7947  594
7948  536
7949  589
7950  591
7951  585
7952  584
7953  559
7954  604
7955  580
7956  587
7957  657
7958  758
7959  633
7960  599
7961  619
7962  586
7963  588
7964  631
7965  638
7966  576
7967  604
7968  594
7969  595
7970  604
7971  592
7972  554
7973  554
7974  597
7975  614
7976  616
7977  671
7978  655
7979  636
7980  579
7981  590
7982  593
7983  590
7984  566
7985  590
7986  577
7987  579
7988  571
7989  584
7990  619
7991  610
7992  594
7993  582
7994  565
7995  592
7996  611
7997  689
7998  624
7999  657
8000  571
8001  607
8002  578
8003  582
8004  586
8005  558
8006  606
8007  605
8008  594
8009  590
8010  592
8011  608
8012  578
8013  582
8014  577
8015  573
8016  573
8017  658
8018  688
8019  596
8020  597
8021  595
8022  575
8023  608
8024  599
8025  580
8026  600
8027  593
8028  559
8029  586
8030  666
8031  654
8032  602
8033  722
8034  597
8035  585
8036  578
8037  686
8038  756
8039  637
8040  651
8041  604
8042  582
8043  582
8044  627
8045  596
8046  617
8047  597
8048  565
8049  606
8050  592
8051  607
8052  558
8053  570
8054  593
8055  598
8056  578
8057  650
8058  751
8059  620
8060  597
8061  609
8062  581
8063  587
8064  572
8065  588
8066  569
8067  593
8068  586
8069  600
8070  611
8071  616
8072  558
8073  565
8074  582
8075  602
8076  582
8077  677
8078  675
8079  620
8080  604
8081  580
8082  586
8083  572
8084  593
8085  597
8086  599
8087  600
8088  569
8089  598
8090  591
8091  594
8092  575
8093  583
8094  587
8095  568
8096  609
8097  620
8098  669
8099  606
8100  600
8101  622
8102  591
8103  593
8104  564
8105  579
8106  580
8107  605
8108  569
8109  630
8110  592
8111  595
8112  581
8113  561
8114  591
8115  564
8116  562
8117  633
8118  709
8119  629
8120  630
8121  599
8122  558
8123  572
8124  604
8125  595
8126  596
8127  616
8128  563
8129  591
8130  601
8131  645
8132  600
8133  574
8134  603
8135  583
8136  579
8137  620
8138  676
8139  600
8140  593
8141  606
8142  572
8143  590
8144  569
8145  570
8146  597
8147  590
8148  592
8149  602
8150  605
8151  611
8152  567
8153  568
8154  574
8155  575
8156  572
8157  674
8158  762
8159  623
8160  618
8161  602
8162  566
8163  577
8164  591
8165  580
8166  580
8167  598
8168  575
8169  583
8170  603
8171  594
8172  589
8173  580
8174  594
8175  593
8176  585
8177  627
8178  666
8179  620
8180  622
8181  606
8182  621
8183  591
8184  569
8185  552
8186  578
8187  584
8188  581
8189  588
8190  600
8191  614
8192  565
8193  607
8194  571
8195  579
8196  595
8197  659
8198  643
8199  620
8200  623
8201  612
8202  577
8203  597
8204  607
8205  589
8206  582
8207  591
8208  597
8209  587
8210  595
8211  586
8212  577
8213  605
8214  592
8215  600
8216  580
8217  626
8218  696
8219  602
8220  603
8221  608
8222  555
8223  581
8224  597
8225  578
8226  588
8227  601
8228  590
8229  614
8230  611
8231  649
8232  601
8233  567
8234  593
8235  568
8236  580
8237  642
8238  681
8239  591
8240  599
8241  581
8242  640
8243  575
8244  626
8245  572
8246  613
8247  605
8248  549
8249  584
8250  599
8251  604
8252  588
8253  592
8254  585
8255  594
8256  576
8257  627
8258  723
8259  628
8260  615
8261  606
8262  600
8263  601
8264  577
8265  596
8266  560
8267  589
8268  561
8269  604
8270  577
8271  592
8272  582
8273  567
8274  583
8275  583
8276  611
8277  667
8278  700
8279  602
8280  593
8281  590
8282  585
8283  606
8284  636
8285  585
8286  600
8287  612
8288  595
8289  582
8290  603
8291  596
8292  585
8293  595
8294  628
8295  576
8296  628
8297  649
8298  632
8299  607
8300  613
8301  609
8302  580
8303  591
8304  596
8305  585
8306  575
8307  640
8308  595
8309  616
8310  600
8311  604
8312  568
8313  580
8314  593
8315  586
8316  577
8317  723
8318  691
8319  650
8320  593
8321  659
8322  539
8323  693
8324  623
8325  627
8326  580
8327  605
8328  573
8329  594
8330  578
8331  642
8332  611
8333  603
8334  557
8335  714
8336  588
8337  635
8338  702
8339  622
8340  610
8341  613
8342  567
8343  585
8344  565
8345  573
8346  580
8347  585
8348  596
8349  587
8350  597
8351  587
8352  570
8353  598
8354  588
8355  591
8356  599
8357  664
8358  745
8359  646
8360  599
8361  604
8362  569
8363  602
8364  606
8365  593
8366  602
8367  593
8368  560
8369  603
8370  570
8371  619
8372  573
8373  596
8374  568
8375  597
8376  579
8377  631
8378  646
8379  614
8380  610
8381  596
8382  566
8383  573
8384  559
8385  582
8386  576
8387  636
8388  585
8389  607
8390  603
8391  593
8392  562
8393  630
8394  568
8395  577
8396  615
8397  643
8398  651
8399  615
8400  600
8401  601
8402  569
8403  584
8404  611
8405  590
8406  560
8407  587
8408  593
8409  595
8410  576
8411  615
8412  566
8413  570
8414  553
8415  568
8416  549
8417  658
8418  659
8419  617
8420  639
8421  622
8422  571
8423  592
8424  561
8425  595
8426  577
8427  599
8428  570
8429  600
8430  570
8431  627
8432  589
8433  572
8434  573
8435  590
8436  576
8437  657
8438  667
8439  610
8440  586
8441  592
8442  591
8443  591
8444  621
8445  586
8446  593
8447  591
8448  555
8449  602
8450  583
8451  613
8452  600
8453  606
8454  563
8455  579
8456  576
8457  617
8458  734
8459  614
8460  594
8461  597
8462  572
8463  599
8464  558
8465  582
8466  550
8467  606
8468  607
8469  621
8470  590
8471  592
8472  545
8473  601
8474  578
8475  602
8476  573
8477  640
8478  677
8479  604
8480  622
8481  602
8482  565
8483  614
8484  623
8485  592
8486  552
8487  590
8488  575
8489  607
8490  588
8491  608
8492  593
8493  579
8494  599
8495  579
8496  595
8497  625
8498  669
8499  624
8500  595
8501  606
8502  574
8503  584
8504  595
8505  571
8506  569
8507  607
8508  564
8509  580
8510  577
8511  578
8512  582
8513  563
8514  556
8515  617
8516  573
8517  1055
8518  702
8519  623
8520  599
8521  602
8522  588
8523  626
8524  612
8525  601
8526  584
8527  587
8528  562
8529  612
8530  574
8531  639
8532  631
8533  592
8534  558
8535  596
8536  568
8537  722
8538  591
8539  619
8540  591
8541  602
8542  566
8543  592
8544  572
8545  572
8546  605
8547  608
8548  570
8549  616
8550  568
8551  583
8552  573
8553  586
8554  560
8555  572
8556  602
8557  822
8558  601
8559  608
8560  591
8561  584
8562  573
8563  597
8564  615
8565  599
8566  592
8567  593
8568  559
8569  602
8570  579
8571  606
8572  545
8573  576
8574  589
8575  581
8576  574
8577  709
8578  701
8579  629
8580  597
8581  614
8582  560
8583  588
8584  574
8585  578
8586  558
8587  618
8588  577
8589  617
8590  551
8591  618
8592  556
8593  583
8594  590
8595  581
8596  611
8597  735
8598  603
8599  596
8600  588
8601  644
8602  589
8603  626
8604  592
8605  588
8606  576
8607  599
8608  588
8609  603
8610  563
8611  603
8612  599
8613  596
8614  578
8615  564
8616  620
8617  702
8618  611
8619  618
8620  590
8621  584
8622  545
8623  581
8624  565
8625  583
8626  591
8627  587
8628  571
8629  624
8630  629
8631  596
8632  581
8633  584
8634  552
8635  578
8636  687
8637  710
8638  692
8639  608
8640  593
8641  592
8642  566
8643  638
8644  567
8645  596
8646  618
8647  645
8648  594
8649  613
8650  601
8651  598
8652  564
8653  570
8654  563
8655  569
8656  653
8657  750
8658  631
8659  609
8660  628
8661  599
8662  588
8663  571
8664  573
8665  561
8666  576
8667  603
8668  591
8669  603
8670  591
8671  585
8672  570
8673  571
8674  592
8675  594
8676  627
8677  702
8678  662
8679  599
8680  594
8681  610
8682  592
8683  613
8684  576
8685  592
8686  675
8687  591
8688  588
8689  628
8690  587
8691  609
8692  580
8693  575
8694  590
8695  571
8696  764
8697  678
8698  680
8699  603
8700  611
8701  593
8702  597
8703  568
8704  564
8705  568
8706  601
8707  609
8708  639
8709  620
8710  667
8711  596
8712  592
8713  572
8714  590
8715  563
8716  694
8717  706
8718  592
8719  606
8720  599
8721  601
8722  615
8723  611
8724  585
8725  573
8726  590
8727  574
8728  588
8729  604
8730  616
8731  580
8732  582
8733  605
8734  570
8735  581
8736  610
8737  697
8738  615
8739  601
8740  590
8741  587
8742  578
8743  596
8744  567
8745  574
8746  617
8747  574
8748  584
8749  587
8750  575
8751  577
8752  564
8753  602
8754  575
8755  590
8756  624
8757  767
8758  611
8759  581
8760  592
8761  611
8762  599
8763  613
8764  592
8765  571
8766  581
8767  580
8768  581
8769  608
8770  593
8771  594
8772  557
8773  572
8774  598
8775  623
8776  628
8777  685
8778  591
8779  562
8780  598
8781  573
8782  580
8783  572
8784  562
8785  597
8786  600
8787  587
8788  577
8789  595
8790  578
8791  570
8792  602
8793  589
8794  561
8795  584
8796  646
8797  637
8798  594
8799  579
8800  606
8801  596
8802  606
8803  617
8804  566
8805  599
8806  587
8807  595
8808  599
8809  611
8810  586
8811  581
8812  567
8813  582
8814  574
8815  559
8816  633
8817  715
8818  616
8819  589
8820  597
8821  570
8822  566
8823  595
8824  572
8825  586
8826  595
8827  575
8828  588
8829  581
8830  629
8831  562
8832  599
8833  589
8834  589
8835  589
8836  627
8837  748
8838  599
8839  623
8840  591
8841  614
8842  565
8843  631
8844  589
8845  574
8846  600
8847  578
8848  592
8849  609
8850  595
8851  571
8852  566
8853  565
8854  592
8855  569
8856  619
8857  692
8858  607
8859  606
8860  577
8861  578
8862  559
8863  566
8864  599
8865  582
8866  601
8867  582
8868  586
8869  590
8870  596
8871  570
8872  566
8873  568
8874  575
8875  578
8876  621
8877  742
8878  606
8879  608
8880  596
8881  587
8882  582
8883  603
8884  583
8885  573
8886  590
8887  583
8888  612
8889  579
8890  592
8891  576
8892  560
8893  574
8894  570
8895  572
8896  654
8897  643
8898  595
8899  633
8900  606
8901  583
8902  567
8903  579
8904  568
8905  583
8906  599
8907  592
8908  579
8909  600
8910  587
8911  581
8912  577
8913  599
8914  570
8915  566
8916  626
8917  739
8918  595
8919  620
8920  608
8921  575
8922  571
8923  599
8924  568
8925  576
8926  710
8927  602
8928  592
8929  609
8930  621
8931  574
8932  594
8933  591
8934  586
8935  576
8936  644
8937  642
8938  604
8939  581
8940  596
8941  563
8942  578
8943  581
8944  571
8945  592
8946  619
8947  591
8948  586
8949  615
8950  589
8951  603
8952  571
8953  569
8954  562
8955  572
8956  632
8957  739
8958  624
8959  616
8960  605
8961  605
8962  592
8963  611
8964  565
8965  613
8966  581
8967  616
8968  585
8969  654
8970  580
8971  563
8972  580
8973  594
8974  577
8975  585
8976  634
8977  663
8978  596
8979  608
8980  608
8981  577
8982  592
8983  587
8984  569
8985  572
8986  588
8987  578
8988  585
8989  595
8990  583
8991  571
8992  600
8993  592
8994  587
8995  586
8996  645
8997  662
8998  605
8999  614
9000  623
9001  613
9002  601
9003  624
9004  568
9005  572
9006  581
9007  594
9008  603
9009  607
9010  584
9011  570
9012  561
9013  596
9014  588
9015  583
9016  616
9017  676
9018  591
9019  606
9020  578
9021  583
9022  553
9023  581
9024  617
9025  589
9026  594
9027  552
9028  582
9029  588
9030  613
9031  598
9032  590
9033  577
9034  599
9035  601
9036  627
9037  663
9038  591
9039  603
9040  607
9041  597
9042  578
9043  604
9044  600
9045  585
9046  605
9047  554
9048  592
9049  588
9050  592
9051  576
9052  573
9053  567
9054  561
9055  595
9056  625
9057  753
9058  621
9059  605
9060  584
9061  579
9062  588
9063  593
9064  570
9065  577
9066  591
9067  572
9068  577
9069  704
9070  601
9071  595
9072  599
9073  623
9074  580
9075  600
9076  654
9077  663
9078  597
9079  600
9080  605
9081  588
9082  585
9083  625
9084  579
9085  577
9086  604
9087  595
9088  597
9089  584
9090  583
9091  562
9092  572
9093  579
9094  590
9095  593
9096  635
9097  672
9098  602
9099  603
9100  593
9101  559
9102  590
9103  612
9104  587
9105  580
9106  582
9107  590
9108  1136
9109  609
9110  601
9111  577
9112  589
9113  574
9114  587
9115  559
9116  637
9117  674
9118  622
9119  627
9120  599
9121  575
9122  552
9123  613
9124  601
9125  585
9126  599
9127  590
9128  577
9129  603
9130  637
9131  589
9132  608
9133  571
9134  585
9135  701
9136  644
9137  685
9138  620
9139  599
9140  588
9141  583
9142  593
9143  581
9144  569
9145  584
9146  605
9147  552
9148  597
9149  587
9150  618
9151  583
9152  610
9153  576
9154  589
9155  596
9156  627
9157  726
9158  623
9159  619
9160  597
9161  611
9162  569
9163  621
9164  571
9165  563
9166  616
9167  593
9168  604
9169  609
9170  585
9171  575
9172  569
9173  593
9174  587
9175  577
9176  626
9177  695
9178  597
9179  609
9180  580
9181  603
9182  584
9183  592
9184  579
9185  584
9186  586
9187  577
9188  600
9189  587
9190  601
9191  567
9192  567
9193  575
9194  577
9195  587
9196  653
9197  663
9198  603
9199  608
9200  604
9201  573
9202  573
9203  606
9204  577
9205  570
9206  623
9207  572
9208  584
9209  601
9210  594
9211  565
9212  569
9213  590
9214  582
9215  582
9216  631
9217  672
9218  596
9219  619
9220  592
9221  608
9222  565
9223  579
9224  586
9225  586
9226  594
9227  571
9228  582
9229  620
9230  630
9231  606
9232  584
9233  584
9234  558
9235  583
9236  615
9237  695
9238  610
9239  605
9240  616
9241  583
9242  600
9243  602
9244  573
9245  591
9246  623
9247  609
9248  587
9249  639
9250  591
9251  569
9252  592
9253  605
9254  596
9255  580
9256  616
9257  723
9258  621
9259  587
9260  639
9261  593
9262  615
9263  573
9264  571
9265  568
9266  589
9267  577
9268  601
9269  595
9270  590
9271  571
9272  546
9273  615
9274  595
9275  584
9276  620
9277  690
9278  608
9279  612
9280  587
9281  577
9282  571
9283  622
9284  569
9285  600
9286  579
9287  602
9288  596
9289  584
9290  584
9291  576
9292  567
9293  598
9294  606
9295  601
9296  651
9297  642
9298  605
9299  594
9300  597
9301  602
9302  584
9303  576
9304  590
9305  579
9306  591
9307  568
9308  638
9309  593
9310  614
9311  615
9312  583
9313  568
9314  596
9315  569
9316  636
9317  694
9318  598
9319  619
9320  609
9321  600
9322  587
9323  618
9324  580
9325  608
9326  605
9327  586
9328  599
9329  582
9330  618
9331  577
9332  611
9333  596
9334  567
9335  590
9336  718
9337  610
9338  594
9339  592
9340  574
9341  601
9342  611
9343  594
9344  557
9345  570
9346  610
9347  567
9348  603
9349  588
9350  579
9351  567
9352  563
9353  585
9354  570
9355  585
9356  771
9357  697
9358  617
9359  614
9360  617
9361  568
9362  572
9363  603
9364  574
9365  594
9366  596
9367  563
9368  601
9369  581
9370  590
9371  567
9372  543
9373  604
9374  594
9375  587
9376  696
9377  629
9378  592
9379  592
9380  586
9381  584
9382  573
9383  572
9384  583
9385  575
9386  587
9387  595
9388  623
9389  606
9390  610
9391  587
9392  592
9393  575
9394  579
9395  585
9396  715
9397  638
9398  585
9399  599
9400  590
9401  572
9402  602
9403  562
9404  586
9405  605
9406  598
9407  572
9408  612
9409  578
9410  592
9411  590
9412  568
9413  585
9414  555
9415  663
9416  707
9417  592
9418  619
9419  584
9420  609
9421  584
9422  571
9423  591
9424  588
9425  577
9426  577
9427  574
9428  615
9429  672
9430  587
9431  579
9432  587
9433  585
9434  559
9435  668
9436  707
9437  627
9438  602
9439  595
9440  581
9441  594
9442  607
9443  570
9444  575
9445  597
9446  588
9447  578
9448  597
9449  600
9450  581
9451  570
9452  551
9453  598
9454  603
9455  661
9456  747
9457  633
9458  601
9459  603
9460  602
9461  583
9462  575
9463  561
9464  542
9465  587
9466  585
9467  577
9468  612
9469  593
9470  617
9471  582
9472  561
9473  597
9474  583
9475  610
9476  720
9477  605
9478  620
9479  598
9480  586
9481  602
9482  603
9483  589
9484  573
9485  604
9486  589
9487  590
9488  607
9489  581
9490  578
9491  630
9492  576
9493  588
9494  558
9495  656
9496  638
9497  595
9498  591
9499  622
9500  602
9501  618
9502  565
9503  585
9504  549
9505  581
9506  592
9507  577
9508  593
9509  596
9510  584
9511  562
9512  585
9513  602
9514  552
9515  674
9516  718
9517  599
9518  611
9519  592
9520  592
9521  573
9522  609
9523  583
9524  576
9525  563
9526  590
9527  556
9528  610
9529  615
9530  606
9531  573
9532  619
9533  580
9534  562
9535  655
9536  704
9537  604
9538  590
9539  605
9540  591
9541  577
9542  571
9543  587
9544  564
9545  583
9546  611
9547  603
9548  616
9549  604
9550  584
9551  583
9552  560
9553  588
9554  561
9555  672
9556  735
9557  629
9558  595
9559  603
9560  586
9561  590
9562  617
9563  582
9564  588
9565  574
9566  586
9567  575
9568  600
9569  572
9570  596
9571  576
9572  550
9573  580
9574  600
9575  609
9576  682
9577  603
9578  603
9579  606
9580  588
9581  596
9582  613
9583  564
9584  611
9585  594
9586  607
9587  570
9588  592
9589  581
9590  583
9591  574
9592  586
9593  571
9594  583
9595  680
9596  659
9597  594
9598  587
9599  600
9600  591
9601  589
9602  633
9603  573
9604  570
9605  591
9606  585
9607  575
9608  601
9609  608
9610  595
9611  594
9612  584
9613  590
9614  553
9615  696
9616  687
9617  597
9618  620
9619  585
9620  583
9621  584
9622  547
9623  600
9624  585
9625  584
9626  605
9627  614
9628  627
9629  654
9630  591
9631  579
9632  583
9633  598
9634  572
9635  647
9636  701
9637  601
9638  615
9639  569
9640  603
9641  599
9642  614
9643  580
9644  590
9645  599
9646  609
9647  590
9648  629
9649  591
9650  588
9651  580
9652  562
9653  573
9654  584
9655  679
9656  769
9657  650
9658  624
9659  597
9660  582
9661  596
9662  580
9663  587
9664  589
9665  624
9666  579
9667  591
9668  607
9669  590
9670  574
9671  572
9672  570
9673  598
9674  583
9675  615
9676  685
9677  620
9678  618
9679  587
9680  596
9681  583
9682  601
9683  573
9684  583
9685  596
9686  590
9687  595
9688  619
9689  592
9690  592
9691  567
9692  563
9693  587
9694  560
9695  655
9696  672
9697  607
9698  609
9699  607
9700  577
9701  579
9702  570
9703  587
9704  567
9705  599
9706  586
9707  573
9708  603
9709  600
9710  584
9711  588
9712  581
9713  586
9714  554
9715  654
9716  665
9717  604
9718  639
9719  615
9720  600
9721  594
9722  568
9723  571
9724  578
9725  571
9726  591
9727  601
9728  609
9729  656
9730  607
9731  583
9732  604
9733  567
9734  564
9735  665
9736  732
9737  606
9738  658
9739  573
9740  644
9741  568
9742  617
9743  591
9744  666
9745  575
9746  632
9747  570
9748  650
9749  579
9750  607
9751  608
9752  611
9753  589
9754  576
9755  681
9756  741
9757  611
9758  620
9759  577
9760  631
9761  597
9762  616
9763  572
9764  699
9765  632
9766  631
9767  589
9768  618
9769  579
9770  584
9771  593
9772  552
9773  582
9774  612
9775  601
9776  722
9777  577
9778  609
9779  585
9780  595
9781  568
9782  621
9783  582
9784  604
9785  579
9786  646
9787  577
9788  617
9789  593
9790  611
9791  581
9792  601
9793  593
9794  575
9795  657
9796  670
9797  575
9798  629
9799  612
9800  596
9801  586
9802  601
9803  595
9804  581
9805  580
9806  604
9807  577
9808  602
9809  574
9810  583
9811  575
9812  561
9813  599
9814  590
9815  669
9816  691
9817  588
9818  622
9819  576
9820  611
9821  599
9822  562
9823  605
9824  629
9825  584
9826  579
9827  580
9828  607
9829  645
9830  600
9831  598
9832  605
9833  579
9834  583
9835  674
9836  720
9837  611
9838  621
9839  586
9840  600
9841  589
9842  605
9843  571
9844  585
9845  587
9846  616
9847  598
9848  612
9849  565
9850  593
9851  572
9852  581
9853  560
9854  626
9855  638
9856  731
9857  614
9858  615
9859  581
9860  612
9861  603
9862  608
9863  587
9864  573
9865  598
9866  587
9867  585
9868  613
9869  597
9870  589
9871  584
9872  588
9873  600
9874  578
9875  641
9876  692
9877  607
9878  621
9879  586
9880  590
9881  582
9882  601
9883  597
9884  576
9885  586
9886  606
9887  562
9888  605
9889  591
9890  589
9891  573
9892  576
9893  603
9894  589
9895  646
9896  672
9897  588
9898  612
9899  586
9900  594
9901  595
9902  582
9903  580
9904  592
9905  562
9906  595
9907  562
9908  623
9909  592
9910  608
9911  586
9912  563
9913  563
9914  579
9915  657
9916  689
9917  616
9918  618
9919  576
9920  590
9921  574
9922  564
9923  593
9924  590
9925  579
9926  613
9927  592
9928  603
9929  635
9930  589
9931  571
9932  593
9933  598
9934  573
9935  717
9936  700
9937  599
9938  618
9939  564
9940  613
9941  583
9942  582
9943  575
9944  597
9945  639
9946  597
9947  575
9948  612
9949  585
9950  591
9951  580
9952  570
9953  573
9954  570
9955  672
9956  762
9957  615
9958  621
9959  561
9960  600
9961  567
9962  605
9963  577
9964  598
9965  661
9966  606
9967  669
9968  629
9969  597
9970  609
9971  572
9972  569
9973  595
9974  587
9975  622
9976  654
9977  676
9978  599
9979  679
9980  609
9981  585
9982  572
9983  565
9984  567
9985  659
9986  594
9987  577
9988  604
9989  640
9990  601
9991  578
9992  578
9993  567
9994  581
9995  678
9996  654
9997  596
9998  598
9999  596
min: 530 mean: 600.798 max: 1136 sdev: 35.806
