0  266
1  326
2  382
3  438
4  494
5  549
6  605
7  661
8  732
9  788
10  844
11  260
12  319
13  374
14  431
15  486
16  542
17  597
18  665
19  722
20  779
21  834
22  255
23  323
24  380
25  437
26  492
27  547
28  615
29  673
30  729
31  785
32  840
33  255
34  320
35  375
36  432
37  488
38  544
39  615
40  672
41  727
42  784
43  839
44  300
45  369
46  427
47  484
48  555
49  611
50  668
51  725
52  780
53  837
54  894
55  260
56  318
57  374
58  443
59  501
60  557
61  613
62  669
63  725
64  781
65  837
66  290
67  350
68  420
69  477
70  533
71  587
72  644
73  700
74  756
75  812
76  868
77  248
78  314
79  384
80  440
81  497
82  553
83  608
84  664
85  720
86  776
87  832
88  250
89  333
90  390
91  447
92  502
93  558
94  614
95  670
96  725
97  781
98  837
99  264
100  321
101  377
102  434
103  490
104  545
105  600
106  656
107  712
108  768
109  824
110  266
111  323
112  378
113  434
114  490
115  545
116  601
117  657
118  713
119  768
120  825
121  254
122  311
123  367
124  422
125  478
126  535
127  590
128  646
129  702
130  758
131  814
132  250
133  307
134  363
135  420
136  475
137  531
138  587
139  643
140  698
141  753
142  809
143  254
144  313
145  370
146  425
147  481
148  536
149  592
150  647
151  703
152  759
153  814
154  263
155  320
156  376
157  432
158  487
159  543
160  599
161  654
162  710
163  767
164  823
165  260
166  319
167  375
168  431
169  487
170  544
171  599
172  655
173  710
174  767
175  823
176  278
177  337
178  395
179  451
180  507
181  563
182  619
183  675
184  731
185  787
186  843
187  270
188  342
189  397
190  453
191  509
192  565
193  621
194  677
195  732
196  788
197  856
198  254
199  312
200  368
201  423
202  479
203  535
204  591
205  647
206  703
207  758
208  827
209  264
210  321
211  377
212  434
213  489
214  544
215  601
216  657
217  713
218  784
219  840
220  265
221  322
222  378
223  433
224  489
225  545
226  601
227  656
228  726
229  783
230  838
231  249
232  308
233  365
234  420
235  475
236  531
237  587
238  643
239  713
240  769
241  825
242  264
243  322
244  378
245  433
246  490
247  545
248  613
249  671
250  726
251  782
252  838
253  271
254  331
255  387
256  443
257  499
258  566
259  625
260  681
261  737
262  794
263  850
264  301
265  376
266  432
267  502
268  561
269  618
270  674
271  731
272  787
273  843
274  900
275  263
276  322
277  378
278  450
279  506
280  562
281  617
282  673
283  729
284  785
285  840
286  261
287  319
288  389
289  446
290  502
291  557
292  613
293  668
294  725
295  781
296  837
297  274
298  347
299  402
300  459
301  515
302  571
303  628
304  683
305  739
306  795
307  852
308  254
309  336
310  393
311  449
312  505
313  560
314  616
315  671
316  727
317  782
318  839
319  271
320  329
321  386
322  442
323  499
324  554
325  610
326  666
327  722
328  778
329  833
330  276
331  335
332  391
333  447
334  503
335  559
336  615
337  672
338  728
339  785
340  841
341  270
342  329
343  385
344  442
345  498
346  553
347  609
348  665
349  721
350  777
351  833
352  261
353  320
354  376
355  432
356  488
357  545
358  600
359  655
360  711
361  768
362  824
363  265
364  324
365  380
366  436
367  492
368  548
369  604
370  660
371  716
372  772
373  828
374  270
375  328
376  385
377  441
378  497
379  552
380  609
381  665
382  721
383  777
384  834
385  266
386  324
387  380
388  436
389  492
390  547
391  603
392  659
393  715
394  772
395  827
396  259
397  317
398  374
399  430
400  485
401  541
402  598
403  653
404  709
405  766
406  821
407  244
408  319
409  376
410  433
411  488
412  544
413  600
414  656
415  711
416  767
417  837
418  252
419  311
420  368
421  423
422  479
423  535
424  591
425  647
426  703
427  772
428  829
429  255
430  313
431  370
432  426
433  482
434  536
435  592
436  648
437  718
438  775
439  831
440  276
441  334
442  390
443  446
444  502
445  558
446  614
447  684
448  739
449  795
450  851
451  270
452  329
453  385
454  441
455  497
456  553
457  622
458  679
459  735
460  791
461  846
462  262
463  326
464  383
465  439
466  494
467  550
468  620
469  676
470  731
471  788
472  844
473  265
474  322
475  379
476  436
477  492
478  562
479  617
480  674
481  729
482  785
483  841
484  324
485  387
486  444
487  516
488  572
489  629
490  684
491  741
492  797
493  855
494  911
495  258
496  316
497  372
498  443
499  500
500  556
501  611
502  667
503  723
504  780
505  835
506  273
507  346
508  403
509  458
510  514
511  570
512  626
513  682
514  738
515  794
516  850
517  240
518  351
519  408
520  464
521  520
522  575
523  631
524  687
525  742
526  798
527  854
528  277
529  337
530  392
531  449
532  505
533  560
534  616
535  671
536  727
537  783
538  839
539  268
540  324
541  380
542  436
543  492
544  548
545  604
546  659
547  715
548  771
549  827
550  250
551  308
552  364
553  419
554  476
555  531
556  587
557  642
558  698
559  753
560  809
561  249
562  312
563  369
564  424
565  481
566  537
567  592
568  648
569  704
570  760
571  816
572  257
573  314
574  370
575  427
576  483
577  539
578  595
579  650
580  706
581  762
582  817
583  243
584  300
585  361
586  425
587  481
588  536
589  593
590  648
591  703
592  759
593  815
594  261
595  319
596  375
597  431
598  488
599  543
600  599
601  655
602  711
603  767
604  822
605  262
606  320
607  376
608  432
609  488
610  544
611  599
612  655
613  710
614  766
615  822
616  258
617  316
618  372
619  428
620  485
621  540
622  597
623  652
624  709
625  764
626  820
627  255
628  325
629  381
630  437
631  493
632  548
633  604
634  660
635  715
636  770
637  840
638  253
639  310
640  366
641  423
642  478
643  534
644  589
645  645
646  701
647  770
648  827
649  249
650  306
651  363
652  418
653  474
654  530
655  586
656  641
657  709
658  768
659  823
660  264
661  321
662  378
663  434
664  489
665  544
666  600
667  670
668  726
669  782
670  838
671  257
672  315
673  371
674  427
675  482
676  539
677  605
678  664
679  720
680  776
681  831
682  256
683  322
684  378
685  434
686  489
687  545
688  615
689  671
690  726
691  781
692  837
693  266
694  323
695  379
696  435
697  491
698  561
699  616
700  672
701  728
702  783
703  839
704  323
705  386
706  455
707  514
708  570
709  625
710  682
711  739
712  795
713  851
714  907
715  267
716  325
717  395
718  453
719  508
720  563
721  619
722  675
723  730
724  786
725  842
726  265
727  336
728  393
729  450
730  505
731  561
732  617
733  673
734  728
735  784
736  840
737  250
738  336
739  392
740  448
741  505
742  561
743  616
744  672
745  727
746  783
747  839
748  299
749  359
750  415
751  472
752  527
753  583
754  640
755  696
756  752
757  809
758  865
759  263
760  321
761  377
762  433
763  488
764  544
765  600
766  655
767  711
768  767
769  823
770  268
771  329
772  386
773  441
774  498
775  554
776  611
777  666
778  722
779  778
780  834
781  255
782  314
783  370
784  426
785  482
786  538
787  594
788  649
789  705
790  761
791  816
792  256
793  314
794  369
795  426
796  481
797  537
798  593
799  649
800  705
801  761
802  817
803  260
804  318
805  374
806  430
807  486
808  541
809  597
810  653
811  708
812  764
813  819
814  265
815  323
816  379
817  434
818  490
819  545
820  601
821  657
822  713
823  770
824  825
825  256
826  315
827  371
828  427
829  483
830  538
831  594
832  650
833  705
834  761
835  816
836  254
837  312
838  368
839  424
840  480
841  535
842  591
843  647
844  702
845  758
846  830
847  306
848  370
849  426
850  482
851  539
852  596
853  653
854  709
855  781
856  839
857  895
858  265
859  322
860  379
861  435
862  491
863  547
864  603
865  659
866  729
867  785
868  841
869  263
870  322
871  379
872  434
873  490
874  546
875  602
876  672
877  728
878  784
879  840
880  274
881  333
882  389
883  446
884  501
885  557
886  628
887  684
888  739
889  795
890  851
891  254
892  312
893  368
894  424
895  480
896  550
897  606
898  662
899  718
900  773
901  829
902  264
903  321
904  396
905  452
906  522
907  578
908  635
909  691
910  746
911  801
912  857
913  255
914  312
915  369
916  426
917  496
918  552
919  607
920  663
921  719
922  775
923  830
924  303
925  390
926  452
927  508
928  565
929  620
930  676
931  733
932  789
933  846
934  902
935  264
936  349
937  406
938  462
939  518
940  574
941  629
942  685
943  741
944  796
945  852
946  282
947  341
948  397
949  451
950  508
951  564
952  620
953  675
954  730
955  787
956  842
957  299
958  357
959  413
960  469
961  526
962  581
963  637
964  693
965  748
966  804
967  859
968  265
969  323
970  380
971  435
972  490
973  545
974  601
975  657
976  713
977  769
978  825
979  259
980  317
981  373
982  430
983  486
984  542
985  597
986  653
987  709
988  765
989  820
990  262
991  320
992  376
993  431
994  487
995  542
996  598
997  654
998  710
999  766
1000  821
1001  266
1002  325
1003  381
1004  437
1005  493
1006  549
1007  604
1008  659
1009  715
1010  770
1011  826
1012  256
1013  314
1014  371
1015  426
1016  481
1017  536
1018  592
1019  648
1020  704
1021  760
1022  817
1023  267
1024  326
1025  382
1026  438
1027  494
1028  549
1029  605
1030  662
1031  717
1032  774
1033  829
1034  253
1035  311
1036  367
1037  423
1038  479
1039  534
1040  590
1041  646
1042  702
1043  757
1044  813
1045  255
1046  313
1047  369
1048  425
1049  481
1050  536
1051  592
1052  648
1053  704
1054  759
1055  830
1056  254
1057  312
1058  369
1059  425
1060  480
1061  535
1062  591
1063  646
1064  701
1065  772
1066  829
1067  262
1068  326
1069  390
1070  447
1071  502
1072  558
1073  614
1074  670
1075  741
1076  797
1077  852
1078  259
1079  316
1080  372
1081  427
1082  483
1083  539
1084  595
1085  663
1086  721
1087  777
1088  832
1089  253
1090  310
1091  366
1092  423
1093  478
1094  534
1095  590
1096  662
1097  717
1098  773
1099  829
1100  272
1101  329
1102  385
1103  441
1104  497
1105  565
1106  622
1107  678
1108  735
1109  790
1110  846
1111  261
1112  319
1113  375
1114  432
1115  487
1116  558
1117  614
1118  670
1119  727
1120  782
1121  838
1122  267
1123  336
1124  394
1125  450
1126  518
1127  574
1128  630
1129  686
1130  742
1131  799
1132  855
1133  272
1134  330
1135  386
1136  455
1137  511
1138  567
1139  623
1140  678
1141  734
1142  790
1143  846
1144  305
1145  389
1146  446
1147  502
1148  559
1149  615
1150  671
1151  728
1152  784
1153  841
1154  897
1155  258
1156  331
1157  387
1158  444
1159  500
1160  557
1161  613
1162  670
1163  726
1164  781
1165  837
1166  270
1167  329
1168  384
1169  441
1170  497
1171  553
1172  609
1173  664
1174  721
1175  777
1176  833
1177  295
1178  353
1179  410
1180  467
1181  524
1182  581
1183  636
1184  692
1185  747
1186  803
1187  860
1188  264
1189  322
1190  378
1191  434
1192  490
1193  545
1194  602
1195  657
1196  713
1197  770
1198  825
1199  260
1200  319
1201  375
1202  431
1203  486
1204  543
1205  599
1206  654
1207  710
1208  766
1209  822
1210  265
1211  325
1212  381
1213  437
1214  494
1215  549
1216  605
1217  661
1218  717
1219  774
1220  830
1221  264
1222  323
1223  379
1224  435
1225  490
1226  547
1227  603
1228  658
1229  714
1230  770
1231  825
1232  253
1233  311
1234  368
1235  423
1236  479
1237  535
1238  591
1239  646
1240  702
1241  758
1242  814
1243  250
1244  308
1245  364
1246  419
1247  475
1248  531
1249  587
1250  643
1251  698
1252  754
1253  809
1254  251
1255  308
1256  365
1257  420
1258  476
1259  531
1260  588
1261  643
1262  699
1263  755
1264  811
1265  267
1266  325
1267  381
1268  436
1269  492
1270  547
1271  603
1272  659
1273  715
1274  771
1275  842
1276  259
1277  318
1278  374
1279  430
1280  486
1281  542
1282  598
1283  654
1284  709
1285  779
1286  836
1287  254
1288  324
1289  380
1290  436
1291  493
1292  548
1293  605
1294  660
1295  730
1296  787
1297  843
1298  264
1299  323
1300  379
1301  434
1302  490
1303  546
1304  601
1305  672
1306  729
1307  785
1308  841
1309  251
1310  311
1311  367
1312  422
1313  477
1314  533
1315  589
1316  661
1317  717
1318  773
1319  829
1320  274
1321  344
1322  400
1323  456
1324  512
1325  582
1326  638
1327  694
1328  750
1329  805
1330  861
1331  258
1332  316
1333  372
1334  429
1335  485
1336  554
1337  610
1338  666
1339  722
1340  777
1341  833
1342  278
1343  336
1344  392
1345  447
1346  518
1347  574
1348  630
1349  686
1350  741
1351  797
1352  853
1353  266
1354  324
1355  381
1356  451
1357  507
1358  563
1359  619
1360  674
1361  730
1362  785
1363  841
1364  303
1365  385
1366  443
1367  499
1368  556
1369  612
1370  668
1371  724
1372  780
1373  837
1374  893
1375  268
1376  342
1377  399
1378  455
1379  511
1380  567
1381  623
1382  679
1383  734
1384  791
1385  846
1386  313
1387  373
1388  430
1389  487
1390  542
1391  599
1392  655
1393  710
1394  767
1395  822
1396  878
1397  277
1398  343
1399  399
1400  454
1401  511
1402  567
1403  623
1404  679
1405  735
1406  790
1407  847
1408  256
1409  314
1410  370
1411  426
1412  482
1413  538
1414  593
1415  649
1416  705
1417  762
1418  817
1419  260
1420  318
1421  374
1422  430
1423  486
1424  541
1425  597
1426  653
1427  709
1428  765
1429  820
1430  291
1431  349
1432  405
1433  461
1434  517
1435  572
1436  628
1437  684
1438  740
1439  796
1440  851
1441  265
1442  330
1443  386
1444  442
1445  498
1446  554
1447  610
1448  665
1449  721
1450  777
1451  833
1452  256
1453  315
1454  371
1455  427
1456  483
1457  539
1458  595
1459  650
1460  707
1461  763
1462  819
1463  267
1464  324
1465  380
1466  436
1467  492
1468  547
1469  603
1470  659
1471  715
1472  770
1473  825
1474  261
1475  320
1476  376
1477  432
1478  488
1479  543
1480  599
1481  655
1482  711
1483  767
1484  837
1485  257
1486  315
1487  371
1488  427
1489  483
1490  540
1491  595
1492  651
1493  707
1494  777
1495  834
1496  260
1497  318
1498  374
1499  431
1500  487
1501  542
1502  598
1503  653
1504  709
1505  779
1506  834
1507  261
1508  332
1509  388
1510  445
1511  501
1512  557
1513  612
1514  680
1515  738
1516  794
1517  850
1518  262
1519  320
1520  377
1521  432
1522  488
1523  544
1524  600
1525  671
1526  727
1527  782
1528  838
1529  255
1530  312
1531  368
1532  423
1533  479
1534  535
1535  605
1536  661
1537  716
1538  772
1539  828
1540  267
1541  325
1542  381
1543  437
1544  493
1545  562
1546  618
1547  673
1548  729
1549  785
1550  840
1551  277
1552  335
1553  391
1554  447
1555  516
1556  571
1557  627
1558  683
1559  738
1560  794
1561  849
1562  265
1563  322
1564  378
1565  447
1566  503
1567  559
1568  615
1569  671
1570  727
1571  782
1572  838
1573  283
1574  341
1575  411
1576  467
1577  522
1578  579
1579  634
1580  690
1581  745
1582  801
1583  857
1584  338
1585  404
1586  459
1587  516
1588  573
1589  630
1590  686
1591  743
1592  799
1593  856
1594  912
1595  280
1596  338
1597  394
1598  451
1599  506
1600  562
1601  617
1602  673
1603  728
1604  783
1605  839
1606  260
1607  319
1608  375
1609  432
1610  487
1611  543
1612  598
1613  654
1614  710
1615  765
1616  821
1617  252
1618  325
1619  382
1620  438
1621  493
1622  549
1623  604
1624  660
1625  715
1626  771
1627  827
1628  245
1629  304
1630  360
1631  416
1632  472
1633  527
1634  583
1635  638
1636  694
1637  749
1638  805
1639  265
1640  324
1641  380
1642  437
1643  492
1644  547
1645  602
1646  658
1647  714
1648  769
1649  824
1650  279
1651  339
1652  395
1653  451
1654  508
1655  563
1656  619
1657  676
1658  732
1659  788
1660  844
1661  246
1662  315
1663  372
1664  427
1665  483
1666  539
1667  595
1668  650
1669  706
1670  762
1671  818
1672  265
1673  335
1674  392
1675  448
1676  504
1677  559
1678  615
1679  671
1680  726
1681  782
1682  837
1683  256
1684  314
1685  369
1686  425
1687  481
1688  537
1689  593
1690  648
1691  704
1692  760
1693  816
1694  252
1695  310
1696  366
1697  421
1698  478
1699  533
1700  589
1701  644
1702  699
1703  754
1704  825
1705  250
1706  308
1707  363
1708  419
1709  475
1710  531
1711  586
1712  642
1713  698
1714  768
1715  825
1716  259
1717  318
1718  373
1719  429
1720  485
1721  541
1722  597
1723  653
1724  723
1725  780
1726  835
1727  253
1728  327
1729  383
1730  439
1731  494
1732  550
1733  605
1734  675
1735  731
1736  786
1737  842
1738  261
1739  317
1740  374
1741  430
1742  485
1743  541
1744  608
1745  666
1746  721
1747  776
1748  832
1749  249
1750  307
1751  362
1752  418
1753  473
1754  530
1755  599
1756  655
1757  711
1758  767
1759  823
1760  272
1761  330
1762  386
1763  442
1764  497
1765  566
1766  622
1767  678
1768  734
1769  789
1770  844
1771  258
1772  316
1773  372
1774  428
1775  497
1776  552
1777  608
1778  664
1779  719
1780  775
1781  830
1782  241
1783  325
1784  382
1785  452
1786  508
1787  563
1788  619
1789  674
1790  729
1791  785
1792  840
1793  271
1794  329
1795  411
1796  467
1797  523
1798  579
1799  635
1800  691
1801  747
1802  802
1803  858
1804  315
1805  386
1806  443
1807  500
1808  556
1809  612
1810  669
1811  725
1812  781
1813  837
1814  893
1815  273
1816  332
1817  389
1818  445
1819  500
1820  556
1821  611
1822  667
1823  722
1824  778
1825  834
1826  276
1827  335
1828  391
1829  447
1830  502
1831  559
1832  614
1833  670
1834  726
1835  781
1836  837
1837  265
1838  335
1839  391
1840  448
1841  504
1842  560
1843  616
1844  672
1845  727
1846  782
1847  838
1848  306
1849  369
1850  425
1851  481
1852  538
1853  594
1854  649
1855  705
1856  762
1857  818
1858  874
1859  266
1860  325
1861  381
1862  438
1863  494
1864  550
1865  605
1866  661
1867  716
1868  772
1869  827
1870  243
1871  319
1872  375
1873  431
1874  486
1875  542
1876  597
1877  653
1878  709
1879  764
1880  819
1881  263
1882  322
1883  377
1884  433
1885  489
1886  544
1887  600
1888  656
1889  712
1890  768
1891  824
1892  258
1893  316
1894  371
1895  427
1896  483
1897  538
1898  593
1899  649
1900  705
1901  760
1902  816
1903  250
1904  309
1905  364
1906  420
1907  476
1908  531
1909  586
1910  642
1911  698
1912  754
1913  825
1914  253
1915  310
1916  366
1917  421
1918  478
1919  533
1920  588
1921  645
1922  701
1923  770
1924  826
1925  261
1926  319
1927  376
1928  432
1929  487
1930  543
1931  598
1932  653
1933  723
1934  780
1935  836
1936  263
1937  321
1938  377
1939  433
1940  489
1941  544
1942  601
1943  671
1944  727
1945  783
1946  839
1947  270
1948  336
1949  392
1950  447
1951  504
1952  559
1953  630
1954  686
1955  742
1956  797
1957  853
1958  254
1959  312
1960  368
1961  423
1962  479
1963  534
1964  605
1965  661
1966  716
1967  772
1968  828
1969  260
1970  319
1971  374
1972  430
1973  485
1974  556
1975  612
1976  667
1977  723
1978  779
1979  835
1980  265
1981  323
1982  379
1983  435
1984  505
1985  561
1986  617
1987  673
1988  728
1989  784
1990  839
1991  267
1992  325
1993  382
1994  452
1995  508
1996  564
1997  619
1998  676
1999  731
2000  787
2001  843
2002  266
2003  324
2004  395
2005  451
2006  507
2007  562
2008  618
2009  674
2010  729
2011  784
2012  840
2013  265
2014  337
2015  394
2016  450
2017  506
2018  561
2019  617
2020  673
2021  729
2022  785
2023  840
2024  337
2025  400
2026  458
2027  515
2028  571
2029  627
2030  683
2031  740
2032  796
2033  853
2034  910
2035  260
2036  331
2037  387
2038  443
2039  500
2040  556
2041  612
2042  668
2043  725
2044  781
2045  837
2046  264
2047  323
2048  380
2049  435
2050  491
2051  547
2052  603
2053  660
2054  716
2055  772
2056  828
2057  254
2058  340
2059  396
2060  452
2061  508
2062  565
2063  620
2064  676
2065  731
2066  787
2067  843
2068  261
2069  320
2070  376
2071  432
2072  488
2073  543
2074  599
2075  655
2076  711
2077  766
2078  822
2079  260
2080  319
2081  376
2082  432
2083  488
2084  544
2085  599
2086  655
2087  711
2088  768
2089  824
2090  277
2091  338
2092  394
2093  450
2094  506
2095  562
2096  619
2097  676
2098  732
2099  788
2100  844
2101  266
2102  324
2103  380
2104  436
2105  492
2106  548
2107  604
2108  659
2109  716
2110  771
2111  827
2112  262
2113  320
2114  376
2115  432
2116  488
2117  543
2118  599
2119  655
2120  712
2121  767
2122  823
2123  258
2124  316
2125  373
2126  429
2127  485
2128  541
2129  597
2130  653
2131  709
2132  765
2133  837
2134  260
2135  320
2136  376
2137  432
2138  488
2139  543
2140  599
2141  655
2142  711
2143  782
2144  838
2145  252
2146  310
2147  367
2148  423
2149  478
2150  535
2151  590
2152  646
2153  716
2154  772
2155  828
2156  250
2157  321
2158  377
2159  434
2160  489
2161  544
2162  600
2163  671
2164  727
2165  783
2166  838
2167  256
2168  315
2169  371
2170  427
2171  483
2172  538
2173  608
2174  665
2175  720
2176  777
2177  832
2178  257
2179  314
2180  370
2181  426
2182  482
2183  550
2184  607
2185  663
2186  719
2187  774
2188  830
2189  254
2190  312
2191  368
2192  423
2193  479
2194  549
2195  604
2196  660
2197  715
2198  771
2199  826
2200  263
2201  322
2202  378
2203  434
2204  503
2205  559
2206  615
2207  670
2208  726
2209  782
2210  837
2211  255
2212  313
2213  369
2214  439
2215  495
2216  551
2217  606
2218  662
2219  718
2220  773
2221  828
2222  242
2223  318
2224  389
2225  444
2226  500
2227  555
2228  611
2229  667
2230  722
2231  778
2232  833
2233  256
2234  328
2235  385
2236  441
2237  497
2238  553
2239  608
2240  663
2241  719
2242  774
2243  831
2244  322
2245  385
2246  442
2247  499
2248  555
2249  612
2250  668
2251  724
2252  780
2253  836
2254  892
2255  264
2256  323
2257  379
2258  435
2259  491
2260  547
2261  602
2262  657
2263  713
2264  769
2265  825
2266  271
2267  330
2268  386
2269  442
2270  498
2271  553
2272  609
2273  666
2274  721
2275  777
2276  833
2277  274
2278  339
2279  395
2280  451
2281  507
2282  563
2283  618
2284  674
2285  729
2286  785
2287  841
2288  277
2289  334
2290  390
2291  446
2292  502
2293  557
2294  612
2295  668
2296  724
2297  779
2298  835
2299  257
2300  317
2301  372
2302  428
2303  483
2304  538
2305  594
2306  650
2307  706
2308  761
2309  817
2310  247
2311  323
2312  379
2313  436
2314  492
2315  547
2316  604
2317  659
2318  715
2319  770
2320  826
2321  268
2322  327
2323  383
2324  439
2325  495
2326  551
2327  607
2328  662
2329  718
2330  774
2331  829
2332  258
2333  318
2334  374
2335  429
2336  485
2337  540
2338  596
2339  652
2340  708
2341  764
2342  833
2343  259
2344  317
2345  373
2346  429
2347  484
2348  539
2349  594
2350  651
2351  706
2352  762
2353  832
2354  258
2355  315
2356  371
2357  427
2358  483
2359  538
2360  594
2361  650
2362  705
2363  776
2364  832
2365  262
2366  320
2367  376
2368  432
2369  487
2370  543
2371  599
2372  654
2373  724
2374  781
2375  836
2376  266
2377  331
2378  387
2379  443
2380  500
2381  555
2382  610
2383  680
2384  737
2385  793
2386  848
2387  254
2388  312
2389  367
2390  424
2391  479
2392  536
2393  605
2394  661
2395  717
2396  772
2397  828
2398  259
2399  315
2400  373
2401  428
2402  484
2403  554
2404  611
2405  667
2406  723
2407  778
2408  834
2409  262
2410  320
2411  376
2412  431
2413  498
2414  556
2415  612
2416  668
2417  723
2418  779
2419  834
2420  266
2421  324
2422  380
2423  436
2424  505
2425  561
2426  616
2427  672
2428  728
2429  783
2430  839
2431  258
2432  316
2433  371
2434  441
2435  497
2436  553
2437  608
2438  664
2439  720
2440  775
2441  830
2442  274
2443  332
2444  403
2445  458
2446  514
2447  570
2448  625
2449  681
2450  737
2451  793
2452  848
2453  277
2454  350
2455  406
2456  463
2457  518
2458  574
2459  629
2460  685
2461  741
2462  796
2463  851
2464  302
2465  378
2466  435
2467  492
2468  548
2469  604
2470  659
2471  715
2472  770
2473  826
2474  883
2475  268
2476  326
2477  382
2478  438
2479  494
2480  549
2481  605
2482  661
2483  717
2484  773
2485  829
2486  277
2487  336
2488  392
2489  447
2490  504
2491  559
2492  615
2493  671
2494  727
2495  783
2496  838
2497  253
2498  336
2499  392
2500  448
2501  504
2502  560
2503  616
2504  672
2505  727
2506  783
2507  838
2508  267
2509  325
2510  381
2511  437
2512  492
2513  548
2514  604
2515  659
2516  715
2517  770
2518  826
2519  259
2520  316
2521  372
2522  428
2523  483
2524  539
2525  595
2526  651
2527  706
2528  762
2529  817
2530  277
2531  337
2532  393
2533  449
2534  505
2535  561
2536  617
2537  673
2538  729
2539  785
2540  841
2541  255
2542  320
2543  377
2544  433
2545  489
2546  544
2547  601
2548  657
2549  712
2550  768
2551  824
2552  249
2553  307
2554  363
2555  419
2556  475
2557  530
2558  585
2559  641
2560  696
2561  752
2562  823
2563  273
2564  331
2565  387
2566  443
2567  498
2568  554
2569  609
2570  665
2571  721
2572  792
2573  848
2574  260
2575  318
2576  374
2577  430
2578  486
2579  541
2580  596
2581  651
2582  721
2583  779
2584  834
2585  258
2586  316
2587  372
2588  428
2589  484
2590  540
2591  595
2592  663
2593  721
2594  777
2595  833
2596  256
2597  325
2598  392
2599  460
2600  517
2601  572
2602  643
2603  699
2604  755
2605  810
2606  865
2607  256
2608  313
2609  370
2610  425
2611  482
2612  537
2613  608
2614  663
2615  719
2616  775
2617  831
2618  257
2619  315
2620  371
2621  426
2622  482
2623  553
2624  609
2625  664
2626  720
2627  776
2628  832
2629  264
2630  323
2631  379
2632  434
2633  505
2634  561
2635  617
2636  673
2637  729
2638  784
2639  839
2640  254
2641  318
2642  375
2643  446
2644  503
2645  558
2646  614
2647  670
2648  725
2649  781
2650  837
2651  262
2652  322
2653  391
2654  448
2655  505
2656  560
2657  616
2658  672
2659  728
2660  784
2661  839
2662  271
2663  343
2664  400
2665  456
2666  513
2667  569
2668  624
2669  679
2670  735
2671  791
2672  846
2673  264
2674  336
2675  392
2676  449
2677  505
2678  560
2679  615
2680  671
2681  727
2682  783
2683  839
2684  350
2685  413
2686  470
2687  526
2688  582
2689  638
2690  694
2691  750
2692  806
2693  862
2694  919
2695  263
2696  320
2697  376
2698  432
2699  488
2700  544
2701  599
2702  654
2703  711
2704  767
2705  822
2706  266
2707  324
2708  380
2709  436
2710  491
2711  547
2712  603
2713  658
2714  714
2715  769
2716  825
2717  231
2718  332
2719  388
2720  444
2721  500
2722  555
2723  611
2724  666
2725  722
2726  778
2727  833
2728  279
2729  337
2730  392
2731  448
2732  504
2733  559
2734  615
2735  670
2736  726
2737  782
2738  837
2739  255
2740  312
2741  368
2742  424
2743  480
2744  536
2745  592
2746  648
2747  703
2748  759
2749  814
2750  259
2751  318
2752  373
2753  430
2754  485
2755  541
2756  597
2757  653
2758  708
2759  763
2760  819
2761  264
2762  322
2763  378
2764  434
2765  490
2766  546
2767  601
2768  657
2769  712
2770  768
2771  823
2772  257
2773  314
2774  370
2775  425
2776  481
2777  537
2778  593
2779  648
2780  704
2781  760
2782  830
2783  250
2784  309
2785  364
2786  420
2787  476
2788  532
2789  588
2790  643
2791  699
2792  768
2793  824
2794  258
2795  317
2796  373
2797  429
2798  484
2799  540
2800  595
2801  651
2802  720
2803  777
2804  832
2805  264
2806  322
2807  377
2808  433
2809  489
2810  545
2811  601
2812  671
2813  728
2814  784
2815  840
2816  256
2817  326
2818  382
2819  438
2820  494
2821  551
2822  618
2823  677
2824  732
2825  788
2826  843
2827  259
2828  318
2829  373
2830  429
2831  485
2832  541
2833  612
2834  668
2835  723
2836  779
2837  835
2838  257
2839  315
2840  371
2841  426
2842  481
2843  552
2844  607
2845  663
2846  719
2847  774
2848  830
2849  264
2850  322
2851  378
2852  434
2853  503
2854  560
2855  616
2856  672
2857  727
2858  782
2859  838
2860  262
2861  320
2862  376
2863  445
2864  501
2865  556
2866  613
2867  668
2868  725
2869  780
2870  836
2871  268
2872  326
2873  396
2874  452
2875  508
2876  565
2877  620
2878  675
2879  731
2880  787
2881  843
2882  236
2883  311
2884  382
2885  437
2886  494
2887  549
2888  605
2889  661
2890  716
2891  772
2892  827
2893  247
2894  330
2895  386
2896  442
2897  497
2898  553
2899  609
2900  664
2901  721
2902  776
2903  832
2904  325
2905  388
2906  444
2907  501
2908  557
2909  613
2910  670
2911  725
2912  781
2913  837
2914  893
2915  274
2916  332
2917  388
2918  445
2919  501
2920  557
2921  612
2922  669
2923  725
2924  780
2925  836
2926  260
2927  318
2928  375
2929  431
2930  486
2931  542
2932  597
2933  652
2934  709
2935  765
2936  821
2937  326
2938  388
2939  445
2940  501
2941  558
2942  614
2943  670
2944  726
2945  782
2946  838
2947  895
2948  264
2949  321
2950  377
2951  433
2952  490
2953  545
2954  601
2955  657
2956  713
2957  769
2958  825
2959  253
2960  311
2961  368
2962  423
2963  479
2964  536
2965  591
2966  648
2967  703
2968  760
2969  815
2970  279
2971  339
2972  395
2973  450
2974  507
2975  564
2976  620
2977  676
2978  732
2979  788
2980  844
2981  261
2982  319
2983  375
2984  431
2985  487
2986  543
2987  599
2988  655
2989  711
2990  767
2991  838
2992  248
2993  306
2994  362
2995  418
2996  474
2997  530
2998  586
2999  643
3000  698
3001  768
3002  825
3003  253
3004  312
3005  368
3006  424
3007  480
3008  536
3009  592
3010  647
3011  716
3012  773
3013  829
3014  247
3015  304
3016  360
3017  416
3018  472
3019  527
3020  583
3021  638
3022  708
3023  764
3024  820
3025  260
3026  318
3027  374
3028  430
3029  485
3030  541
3031  596
3032  668
3033  725
3034  781
3035  837
3036  249
3037  319
3038  375
3039  431
3040  487
3041  542
3042  612
3043  668
3044  724
3045  781
3046  836
3047  259
3048  318
3049  374
3050  429
3051  485
3052  556
3053  612
3054  667
3055  722
3056  778
3057  833
3058  257
3059  314
3060  371
3061  425
3062  496
3063  553
3064  608
3065  664
3066  721
3067  777
3068  833
3069  256
3070  314
3071  371
3072  440
3073  497
3074  553
3075  608
3076  664
3077  721
3078  776
3079  831
3080  248
3081  319
3082  387
3083  445
3084  501
3085  557
3086  613
3087  669
3088  725
3089  781
3090  838
3091  266
3092  337
3093  395
3094  451
3095  507
3096  563
3097  618
3098  674
3099  730
3100  786
3101  841
3102  273
3103  343
3104  400
3105  455
3106  510
3107  566
3108  621
3109  677
3110  733
3111  788
3112  844
3113  266
3114  325
3115  381
3116  437
3117  493
3118  549
3119  605
3120  661
3121  717
3122  772
3123  828
3124  330
3125  393
3126  450
3127  508
3128  564
3129  620
3130  677
3131  734
3132  791
3133  847
3134  904
3135  250
3136  321
3137  378
3138  434
3139  490
3140  547
3141  602
3142  658
3143  713
3144  769
3145  825
3146  266
3147  325
3148  381
3149  436
3150  492
3151  548
3152  603
3153  659
3154  715
3155  771
3156  827
3157  255
3158  325
3159  381
3160  437
3161  494
3162  550
3163  605
3164  661
3165  717
3166  773
3167  829
3168  250
3169  308
3170  365
3171  421
3172  476
3173  532
3174  588
3175  644
3176  700
3177  756
3178  812
3179  261
3180  319
3181  376
3182  431
3183  487
3184  543
3185  600
3186  656
3187  712
3188  768
3189  824
3190  240
3191  315
3192  371
3193  427
3194  483
3195  538
3196  595
3197  650
3198  706
3199  762
3200  818
3201  263
3202  320
3203  376
3204  432
3205  489
3206  544
3207  600
3208  657
3209  713
3210  769
3211  840
3212  252
3213  310
3214  366
3215  422
3216  477
3217  533
3218  589
3219  645
3220  701
3221  769
3222  828
3223  263
3224  321
3225  378
3226  433
3227  489
3228  545
3229  601
3230  657
3231  728
3232  784
3233  840
3234  260
3235  319
3236  375
3237  430
3238  486
3239  541
3240  597
3241  666
3242  723
3243  779
3244  835
3245  262
3246  320
3247  376
3248  433
3249  489
3250  544
3251  599
3252  670
3253  726
3254  783
3255  839
3256  247
3257  318
3258  374
3259  431
3260  486
3261  542
3262  613
3263  668
3264  725
3265  780
3266  836
3267  259
3268  318
3269  374
3270  430
3271  485
3272  555
3273  611
3274  666
3275  722
3276  778
3277  834
3278  257
3279  315
3280  371
3281  426
3282  497
3283  553
3284  608
3285  665
3286  720
3287  776
3288  832
3289  263
3290  321
3291  378
3292  448
3293  504
3294  560
3295  615
3296  670
3297  726
3298  781
3299  837
3300  257
3301  314
3302  385
3303  441
3304  497
3305  552
3306  608
3307  664
3308  720
3309  776
3310  832
3311  260
3312  331
3313  390
3314  446
3315  502
3316  558
3317  613
3318  669
3319  725
3320  781
3321  837
3322  279
3323  345
3324  401
3325  457
3326  513
3327  568
3328  624
3329  680
3330  736
3331  792
3332  847
3333  284
3334  342
3335  398
3336  454
3337  510
3338  567
3339  622
3340  678
3341  733
3342  789
3343  845
3344  307
3345  375
3346  433
3347  490
3348  545
3349  602
3350  659
3351  714
3352  771
3353  827
3354  883
3355  277
3356  334
3357  390
3358  447
3359  503
3360  558
3361  613
3362  669
3363  725
3364  781
3365  837
3366  251
3367  315
3368  373
3369  429
3370  484
3371  540
3372  595
3373  651
3374  707
3375  763
3376  818
3377  261
3378  338
3379  394
3380  450
3381  506
3382  561
3383  617
3384  673
3385  728
3386  783
3387  839
3388  272
3389  330
3390  386
3391  441
3392  497
3393  553
3394  608
3395  664
3396  719
3397  775
3398  830
3399  252
3400  309
3401  365
3402  421
3403  477
3404  533
3405  589
3406  644
3407  700
3408  756
3409  811
3410  283
3411  345
3412  402
3413  457
3414  513
3415  569
3416  625
3417  680
3418  737
3419  792
3420  861
3421  262
3422  319
3423  375
3424  431
3425  486
3426  542
3427  597
3428  654
3429  709
3430  766
3431  836
3432  257
3433  315
3434  372
3435  427
3436  483
3437  539
3438  594
3439  650
3440  706
3441  776
3442  832
3443  256
3444  313
3445  369
3446  425
3447  480
3448  537
3449  592
3450  647
3451  717
3452  774
3453  830
3454  258
3455  315
3456  371
3457  427
3458  484
3459  539
3460  595
3461  665
3462  722
3463  778
3464  834
3465  255
3466  314
3467  370
3468  425
3469  480
3470  536
3471  605
3472  662
3473  718
3474  773
3475  829
3476  259
3477  329
3478  386
3479  442
3480  497
3481  567
3482  624
3483  680
3484  736
3485  792
3486  848
3487  259
3488  318
3489  373
3490  429
3491  485
3492  556
3493  611
3494  667
3495  723
3496  779
3497  835
3498  252
3499  311
3500  367
3501  421
3502  493
3503  547
3504  603
3505  660
3506  716
3507  771
3508  827
3509  268
3510  326
3511  382
3512  453
3513  509
3514  565
3515  620
3516  676
3517  732
3518  787
3519  842
3520  269
3521  340
3522  410
3523  466
3524  522
3525  578
3526  634
3527  689
3528  745
3529  801
3530  856
3531  265
3532  338
3533  395
3534  450
3535  506
3536  562
3537  617
3538  673
3539  728
3540  784
3541  839
3542  248
3543  327
3544  383
3545  438
3546  495
3547  550
3548  606
3549  661
3550  717
3551  773
3552  828
3553  278
3554  336
3555  393
3556  448
3557  504
3558  559
3559  615
3560  670
3561  726
3562  781
3563  837
3564  321
3565  384
3566  440
3567  497
3568  554
3569  610
3570  666
3571  723
3572  779
3573  836
3574  892
3575  271
3576  331
3577  387
3578  444
3579  500
3580  556
3581  611
3582  666
3583  722
3584  777
3585  834
3586  268
3587  327
3588  383
3589  439
3590  495
3591  551
3592  606
3593  662
3594  717
3595  774
3596  830
3597  241
3598  316
3599  373
3600  429
3601  486
3602  542
3603  597
3604  652
3605  708
3606  764
3607  819
3608  267
3609  325
3610  381
3611  437
3612  492
3613  548
3614  603
3615  659
3616  715
3617  770
3618  827
3619  250
3620  308
3621  364
3622  419
3623  476
3624  531
3625  587
3626  643
3627  699
3628  755
3629  810
3630  252
3631  310
3632  366
3633  421
3634  477
3635  533
3636  588
3637  643
3638  699
3639  754
3640  810
3641  262
3642  320
3643  376
3644  432
3645  488
3646  544
3647  599
3648  656
3649  711
3650  767
3651  837
3652  242
3653  310
3654  366
3655  422
3656  478
3657  533
3658  589
3659  645
3660  700
3661  770
3662  826
3663  255
3664  313
3665  369
3666  425
3667  481
3668  536
3669  592
3670  648
3671  718
3672  774
3673  830
3674  259
3675  316
3676  373
3677  429
3678  484
3679  539
3680  595
3681  666
3682  722
3683  778
3684  833
3685  253
3686  311
3687  368
3688  424
3689  479
3690  535
3691  605
3692  661
3693  717
3694  773
3695  828
3696  246
3697  317
3698  373
3699  430
3700  485
3701  555
3702  611
3703  667
3704  722
3705  778
3706  834
3707  257
3708  315
3709  371
3710  427
3711  494
3712  552
3713  607
3714  663
3715  720
3716  775
3717  831
3718  243
3719  300
3720  357
3721  414
3722  483
3723  540
3724  595
3725  651
3726  707
3727  762
3728  817
3729  254
3730  312
3731  368
3732  438
3733  494
3734  550
3735  605
3736  661
3737  716
3738  772
3739  828
3740  260
3741  318
3742  388
3743  444
3744  499
3745  555
3746  610
3747  665
3748  721
3749  777
3750  832
3751  261
3752  333
3753  389
3754  446
3755  501
3756  557
3757  613
3758  668
3759  724
3760  780
3761  835
3762  266
3763  326
3764  382
3765  438
3766  494
3767  549
3768  605
3769  661
3770  717
3771  772
3772  828
3773  275
3774  333
3775  389
3776  444
3777  500
3778  556
3779  611
3780  666
3781  722
3782  777
3783  833
3784  322
3785  386
3786  442
3787  498
3788  556
3789  612
3790  669
3791  725
3792  782
3793  839
3794  896
3795  270
3796  329
3797  385
3798  441
3799  497
3800  554
3801  609
3802  665
3803  721
3804  777
3805  833
3806  278
3807  335
3808  391
3809  448
3810  503
3811  560
3812  615
3813  671
3814  727
3815  783
3816  837
3817  257
3818  335
3819  392
3820  447
3821  503
3822  559
3823  615
3824  671
3825  726
3826  782
3827  838
3828  260
3829  317
3830  374
3831  429
3832  486
3833  542
3834  597
3835  653
3836  709
3837  765
3838  820
3839  253
3840  312
3841  368
3842  424
3843  480
3844  536
3845  592
3846  647
3847  703
3848  759
3849  814
3850  263
3851  322
3852  377
3853  433
3854  489
3855  546
3856  602
3857  658
3858  714
3859  770
3860  840
3861  268
3862  326
3863  382
3864  438
3865  494
3866  550
3867  605
3868  661
3869  717
3870  786
3871  842
3872  249
3873  319
3874  389
3875  445
3876  501
3877  557
3878  613
3879  669
3880  739
3881  796
3882  851
3883  262
3884  320
3885  377
3886  433
3887  488
3888  545
3889  600
3890  656
3891  726
3892  782
3893  837
3894  250
3895  307
3896  363
3897  419
3898  475
3899  530
3900  586
3901  656
3902  712
3903  768
3904  824
3905  259
3906  317
3907  372
3908  428
3909  483
3910  539
3911  609
3912  666
3913  722
3914  778
3915  833
3916  271
3917  335
3918  391
3919  447
3920  503
3921  574
3922  630
3923  686
3924  742
3925  797
3926  853
3927  264
3928  321
3929  378
3930  433
3931  504
3932  560
3933  616
3934  672
3935  727
3936  784
3937  839
3938  257
3939  315
3940  371
3941  439
3942  497
3943  553
3944  608
3945  664
3946  720
3947  776
3948  831
3949  254
3950  312
3951  368
3952  437
3953  494
3954  550
3955  606
3956  662
3957  717
3958  773
3959  830
3960  253
3961  318
3962  388
3963  444
3964  500
3965  556
3966  612
3967  667
3968  723
3969  779
3970  834
3971  246
3972  318
3973  375
3974  431
3975  486
3976  542
3977  598
3978  654
3979  709
3980  764
3981  820
3982  264
3983  331
3984  387
3985  443
3986  499
3987  555
3988  611
3989  667
3990  723
3991  778
3992  833
3993  284
3994  343
3995  400
3996  456
3997  512
3998  568
3999  623
4000  679
4001  735
4002  791
4003  847
4004  318
4005  379
4006  437
4007  492
4008  548
4009  605
4010  661
4011  718
4012  773
4013  830
4014  886
4015  267
4016  326
4017  381
4018  437
4019  494
4020  550
4021  606
4022  661
4023  717
4024  773
4025  828
4026  279
4027  337
4028  394
4029  450
4030  505
4031  561
4032  617
4033  673
4034  728
4035  785
4036  840
4037  308
4038  369
4039  427
4040  484
4041  539
4042  596
4043  652
4044  709
4045  765
4046  821
4047  877
4048  271
4049  330
4050  387
4051  442
4052  498
4053  554
4054  609
4055  666
4056  722
4057  778
4058  834
4059  258
4060  316
4061  372
4062  428
4063  485
4064  541
4065  597
4066  653
4067  709
4068  765
4069  833
4070  262
4071  320
4072  376
4073  432
4074  489
4075  545
4076  601
4077  657
4078  713
4079  780
4080  839
4081  261
4082  320
4083  375
4084  431
4085  487
4086  543
4087  600
4088  655
4089  711
4090  782
4091  839
4092  258
4093  317
4094  373
4095  429
4096  486
4097  541
4098  597
4099  652
4100  723
4101  779
4102  835
4103  267
4104  325
4105  381
4106  438
4107  494
4108  549
4109  605
4110  676
4111  731
4112  788
4113  844
4114  250
4115  308
4116  364
4117  420
4118  475
4119  531
4120  614
4121  671
4122  727
4123  783
4124  838
4125  271
4126  328
4127  385
4128  441
4129  496
4130  567
4131  623
4132  679
4133  734
4134  790
4135  846
4136  284
4137  342
4138  398
4139  454
4140  524
4141  580
4142  637
4143  693
4144  749
4145  805
4146  861
4147  255
4148  313
4149  369
4150  425
4151  495
4152  550
4153  607
4154  663
4155  718
4156  774
4157  830
4158  270
4159  329
4160  385
4161  454
4162  509
4163  566
4164  622
4165  678
4166  733
4167  789
4168  844
4169  270
4170  328
4171  398
4172  455
4173  511
4174  568
4175  623
4176  679
4177  734
4178  790
4179  846
4180  255
4181  327
4182  384
4183  439
4184  495
4185  551
4186  607
4187  662
4188  718
4189  774
4190  830
4191  259
4192  320
4193  388
4194  445
4195  502
4196  557
4197  612
4198  668
4199  724
4200  779
4201  835
4202  263
4203  322
4204  378
4205  434
4206  490
4207  546
4208  602
4209  658
4210  713
4211  769
4212  824
4213  268
4214  326
4215  383
4216  438
4217  494
4218  550
4219  605
4220  661
4221  717
4222  773
4223  829
4224  302
4225  372
4226  429
4227  486
4228  542
4229  599
4230  655
4231  712
4232  769
4233  826
4234  883
4235  283
4236  349
4237  405
4238  461
4239  517
4240  572
4241  628
4242  683
4243  738
4244  794
4245  850
4246  278
4247  336
4248  392
4249  448
4250  504
4251  560
4252  615
4253  671
4254  727
4255  783
4256  840
4257  250
4258  331
4259  387
4260  443
4261  499
4262  555
4263  611
4264  667
4265  722
4266  778
4267  834
4268  267
4269  325
4270  380
4271  436
4272  492
4273  547
4274  603
4275  659
4276  715
4277  771
4278  827
4279  253
4280  310
4281  367
4282  423
4283  478
4284  534
4285  589
4286  645
4287  700
4288  756
4289  824
4290  288
4291  349
4292  405
4293  461
4294  517
4295  573
4296  630
4297  686
4298  742
4299  814
4300  870
4301  271
4302  329
4303  385
4304  440
4305  496
4306  552
4307  607
4308  662
4309  734
4310  789
4311  845
4312  254
4313  311
4314  367
4315  423
4316  479
4317  534
4318  589
4319  645
4320  714
4321  770
4322  826
4323  272
4324  331
4325  388
4326  445
4327  500
4328  555
4329  625
4330  680
4331  736
4332  792
4333  848
4334  255
4335  313
4336  369
4337  425
4338  480
4339  536
4340  607
4341  662
4342  719
4343  775
4344  831
4345  263
4346  321
4347  377
4348  433
4349  489
4350  557
4351  613
4352  670
4353  725
4354  781
4355  837
4356  242
4357  317
4358  374
4359  429
4360  500
4361  555
4362  611
4363  666
4364  722
4365  777
4366  832
4367  264
4368  322
4369  378
4370  447
4371  503
4372  559
4373  615
4374  671
4375  726
4376  782
4377  837
4378  259
4379  318
4380  388
4381  443
4382  499
4383  553
4384  610
4385  665
4386  721
4387  777
4388  832
4389  265
4390  339
4391  395
4392  450
4393  506
4394  563
4395  618
4396  675
4397  729
4398  784
4399  839
4400  294
4401  353
4402  409
4403  464
4404  520
4405  576
4406  632
4407  687
4408  743
4409  799
4410  855
4411  258
4412  325
4413  380
4414  437
4415  493
4416  548
4417  604
4418  659
4419  714
4420  770
4421  825
4422  259
4423  330
4424  387
4425  443
4426  499
4427  555
4428  611
4429  667
4430  723
4431  778
4432  833
4433  269
4434  328
4435  384
4436  439
4437  495
4438  551
4439  607
4440  662
4441  718
4442  773
4443  829
4444  316
4445  380
4446  438
4447  494
4448  551
4449  607
4450  663
4451  719
4452  775
4453  831
4454  887
4455  268
4456  326
4457  382
4458  439
4459  494
4460  549
4461  604
4462  660
4463  716
4464  771
4465  827
4466  253
4467  319
4468  374
4469  431
4470  486
4471  542
4472  598
4473  653
4474  710
4475  765
4476  821
4477  273
4478  338
4479  394
4480  450
4481  506
4482  561
4483  617
4484  672
4485  727
4486  783
4487  839
4488  269
4489  327
4490  383
4491  439
4492  495
4493  551
4494  606
4495  662
4496  717
4497  773
4498  829
4499  257
4500  316
4501  371
4502  427
4503  483
4504  538
4505  594
4506  649
4507  704
4508  760
4509  830
4510  246
4511  315
4512  371
4513  426
4514  482
4515  538
4516  594
4517  650
4518  706
4519  776
4520  832
4521  267
4522  324
4523  380
4524  436
4525  491
4526  547
4527  602
4528  658
4529  728
4530  785
4531  841
4532  248
4533  306
4534  363
4535  419
4536  475
4537  530
4538  586
4539  642
4540  711
4541  767
4542  822
4543  269
4544  328
4545  383
4546  439
4547  494
4548  550
4549  618
4550  676
4551  732
4552  787
4553  844
4554  254
4555  311
4556  368
4557  424
4558  480
4559  535
4560  605
4561  661
4562  717
4563  772
4564  828
4565  264
4566  321
4567  378
4568  434
4569  489
4570  560
4571  616
4572  672
4573  728
4574  783
4575  839
4576  246
4577  322
4578  379
4579  435
4580  505
4581  561
4582  616
4583  673
4584  728
4585  784
4586  840
4587  260
4588  317
4589  373
4590  443
4591  499
4592  555
4593  610
4594  665
4595  721
4596  776
4597  832
4598  264
4599  321
4600  392
4601  448
4602  503
4603  559
4604  614
4605  670
4606  726
4607  781
4608  836
4609  276
4610  350
4611  406
4612  462
4613  518
4614  573
4615  628
4616  683
4617  739
4618  795
4619  849
4620  254
4621  326
4622  382
4623  438
4624  493
4625  548
4626  604
4627  659
4628  715
4629  770
4630  826
4631  269
4632  327
4633  383
4634  439
4635  495
4636  550
4637  605
4638  661
4639  716
4640  772
4641  828
4642  277
4643  335
4644  390
4645  446
4646  502
4647  557
4648  613
4649  669
4650  725
4651  780
4652  836
4653  250
4654  317
4655  373
4656  429
4657  485
4658  540
4659  596
4660  652
4661  707
4662  763
4663  819
4664  292
4665  372
4666  430
4667  487
4668  543
4669  599
4670  656
4671  711
4672  768
4673  824
4674  880
4675  253
4676  319
4677  375
4678  431
4679  486
4680  542
4681  598
4682  653
4683  710
4684  765
4685  821
4686  264
4687  322
4688  379
4689  435
4690  491
4691  545
4692  601
4693  658
4694  713
4695  769
4696  825
4697  256
4698  326
4699  382
4700  438
4701  494
4702  551
4703  606
4704  661
4705  717
4706  772
4707  828
4708  261
4709  319
4710  375
4711  432
4712  488
4713  544
4714  600
4715  655
4716  711
4717  767
4718  823
4719  273
4720  331
4721  387
4722  443
4723  499
4724  554
4725  610
4726  666
4727  722
4728  777
4729  847
4730  262
4731  322
4732  378
4733  435
4734  491
4735  546
4736  602
4737  658
4738  714
4739  785
4740  841
4741  265
4742  324
4743  380
4744  436
4745  492
4746  548
4747  604
4748  661
4749  731
4750  789
4751  844
4752  261
4753  320
4754  375
4755  431
4756  487
4757  543
4758  598
4759  669
4760  725
4761  780
4762  836
4763  254
4764  312
4765  367
4766  424
4767  480
4768  535
4769  591
4770  661
4771  717
4772  773
4773  829
4774  263
4775  323
4776  378
4777  435
4778  490
4779  558
4780  615
4781  671
4782  727
4783  782
4784  838
4785  252
4786  317
4787  373
4788  429
4789  484
4790  555
4791  611
4792  667
4793  723
4794  780
4795  836
4796  263
4797  333
4798  389
4799  445
4800  515
4801  571
4802  626
4803  682
4804  737
4805  792
4806  847
4807  255
4808  313
4809  369
4810  440
4811  497
4812  552
4813  608
4814  663
4815  718
4816  774
4817  830
4818  252
4819  310
4820  379
4821  435
4822  491
4823  546
4824  601
4825  657
4826  713
4827  769
4828  824
4829  269
4830  342
4831  398
4832  454
4833  510
4834  565
4835  621
4836  676
4837  732
4838  787
4839  843
4840  231
4841  332
4842  388
4843  443
4844  499
4845  554
4846  610
4847  665
4848  721
4849  777
4850  833
4851  275
4852  333
4853  389
4854  445
4855  501
4856  556
4857  611
4858  667
4859  722
4860  778
4861  834
4862  277
4863  335
4864  391
4865  447
4866  502
4867  558
4868  614
4869  669
4870  725
4871  781
4872  837
4873  250
4874  314
4875  370
4876  426
4877  481
4878  536
4879  593
4880  648
4881  704
4882  760
4883  816
4884  287
4885  360
4886  417
4887  474
4888  529
4889  585
4890  642
4891  699
4892  754
4893  811
4894  868
4895  269
4896  327
4897  383
4898  440
4899  495
4900  551
4901  607
4902  663
4903  719
4904  775
4905  831
4906  260
4907  332
4908  388
4909  445
4910  500
4911  556
4912  612
4913  667
4914  722
4915  778
4916  834
4917  255
4918  321
4919  389
4920  445
4921  501
4922  556
4923  612
4924  667
4925  723
4926  779
4927  835
4928  265
4929  322
4930  378
4931  434
4932  490
4933  546
4934  602
4935  658
4936  714
4937  770
4938  825
4939  265
4940  323
4941  378
4942  434
4943  490
4944  546
4945  602
4946  657
4947  713
4948  769
4949  839
4950  247
4951  312
4952  369
4953  425
4954  480
4955  536
4956  593
4957  648
4958  703
4959  772
4960  828
4961  262
4962  320
4963  376
4964  431
4965  487
4966  543
4967  600
4968  655
4969  725
4970  781
4971  837
4972  251
4973  308
4974  364
4975  420
4976  477
4977  533
4978  588
4979  644
4980  713
4981  768
4982  824
4983  266
4984  324
4985  381
4986  437
4987  492
4988  548
4989  616
4990  674
4991  730
4992  785
4993  841
4994  255
4995  313
4996  369
4997  425
4998  481
4999  536
5000  607
5001  663
5002  719
5003  775
5004  830
5005  268
5006  326
5007  382
5008  438
5009  493
5010  563
5011  619
5012  675
5013  732
5014  786
5015  842
5016  251
5017  326
5018  382
5019  438
5020  509
5021  564
5022  620
5023  676
5024  732
5025  787
5026  843
5027  247
5028  305
5029  361
5030  430
5031  487
5032  543
5033  599
5034  654
5035  710
5036  765
5037  820
5038  253
5039  310
5040  379
5041  437
5042  492
5043  548
5044  603
5045  659
5046  715
5047  770
5048  826
5049  266
5050  339
5051  395
5052  451
5053  506
5054  562
5055  618
5056  673
5057  728
5058  784
5059  839
5060  241
5061  329
5062  385
5063  442
5064  497
5065  552
5066  609
5067  664
5068  720
5069  776
5070  831
5071  270
5072  328
5073  383
5074  439
5075  495
5076  551
5077  607
5078  662
5079  718
5080  773
5081  829
5082  270
5083  327
5084  397
5085  453
5086  509
5087  564
5088  620
5089  676
5090  732
5091  788
5092  844
5093  256
5094  314
5095  371
5096  426
5097  482
5098  538
5099  593
5100  649
5101  705
5102  760
5103  815
5104  310
5105  378
5106  435
5107  492
5108  548
5109  604
5110  661
5111  717
5112  773
5113  830
5114  887
5115  279
5116  339
5117  394
5118  450
5119  507
5120  562
5121  618
5122  674
5123  729
5124  785
5125  841
5126  276
5127  335
5128  390
5129  446
5130  502
5131  558
5132  613
5133  669
5134  724
5135  780
5136  836
5137  306
5138  375
5139  432
5140  488
5141  544
5142  600
5143  658
5144  713
5145  770
5146  826
5147  882
5148  265
5149  323
5150  379
5151  435
5152  491
5153  547
5154  603
5155  658
5156  714
5157  770
5158  841
5159  259
5160  317
5161  374
5162  429
5163  486
5164  542
5165  598
5166  653
5167  709
5168  765
5169  834
5170  269
5171  331
5172  387
5173  444
5174  499
5175  555
5176  612
5177  668
5178  740
5179  796
5180  853
5181  278
5182  336
5183  391
5184  448
5185  504
5186  559
5187  615
5188  684
5189  740
5190  796
5191  852
5192  255
5193  312
5194  368
5195  424
5196  480
5197  537
5198  593
5199  663
5200  719
5201  776
5202  832
5203  271
5204  330
5205  387
5206  443
5207  499
5208  554
5209  626
5210  681
5211  737
5212  792
5213  848
5214  263
5215  321
5216  377
5217  433
5218  489
5219  559
5220  615
5221  671
5222  728
5223  784
5224  839
5225  259
5226  317
5227  373
5228  429
5229  499
5230  554
5231  610
5232  666
5233  722
5234  778
5235  834
5236  246
5237  316
5238  372
5239  443
5240  499
5241  555
5242  610
5243  666
5244  722
5245  779
5246  834
5247  262
5248  319
5249  389
5250  445
5251  501
5252  557
5253  612
5254  668
5255  724
5256  780
5257  835
5258  257
5259  325
5260  383
5261  440
5262  496
5263  551
5264  607
5265  663
5266  719
5267  776
5268  831
5269  285
5270  343
5271  398
5272  454
5273  511
5274  567
5275  622
5276  678
5277  733
5278  789
5279  844
5280  275
5281  333
5282  388
5283  445
5284  500
5285  556
5286  612
5287  668
5288  723
5289  779
5290  835
5291  282
5292  340
5293  396
5294  452
5295  508
5296  564
5297  619
5298  675
5299  731
5300  786
5301  842
5302  264
5303  329
5304  385
5305  440
5306  496
5307  551
5308  607
5309  663
5310  718
5311  773
5312  829
5313  278
5314  335
5315  392
5316  447
5317  503
5318  558
5319  614
5320  670
5321  726
5322  782
5323  837
5324  321
5325  395
5326  454
5327  510
5328  567
5329  623
5330  680
5331  736
5332  792
5333  849
5334  905
5335  265
5336  323
5337  379
5338  435
5339  490
5340  546
5341  601
5342  657
5343  713
5344  768
5345  823
5346  255
5347  312
5348  369
5349  425
5350  480
5351  536
5352  590
5353  646
5354  702
5355  758
5356  813
5357  847
5358  253
5359  310
5360  367
5361  423
5362  479
5363  535
5364  590
5365  660
5366  716
5367  772
5368  829
5369  257
5370  314
5371  370
5372  427
5373  483
5374  539
5375  608
5376  664
5377  720
5378  776
5379  832
5380  279
5381  337
5382  394
5383  449
5384  506
5385  576
5386  632
5387  688
5388  744
5389  800
5390  855
5391  253
5392  312
5393  368
5394  424
5395  493
5396  549
5397  604
5398  660
5399  715
5400  771
5401  827
5402  259
5403  318
5404  374
5405  444
5406  500
5407  556
5408  611
5409  667
5410  723
5411  779
5412  834
5413  258
5414  316
5415  384
5416  442
5417  497
5418  553
5419  609
5420  664
5421  720
5422  776
5423  832
5424  278
5425  350
5426  408
5427  463
5428  520
5429  575
5430  631
5431  687
5432  744
5433  800
5434  856
5435  319
5436  383
5437  440
5438  497
5439  553
5440  609
5441  665
5442  722
5443  778
5444  834
5445  891
5446  296
5447  355
5448  412
5449  468
5450  524
5451  580
5452  636
5453  692
5454  748
5455  804
5456  860
5457  246
5458  314
5459  370
5460  428
5461  484
5462  540
5463  596
5464  652
5465  708
5466  765
5467  821
5468  258
5469  339
5470  397
5471  453
5472  509
5473  565
5474  621
5475  677
5476  733
5477  789
5478  845
5479  270
5480  328
5481  385
5482  442
5483  498
5484  554
5485  610
5486  666
5487  722
5488  778
5489  834
5490  271
5491  330
5492  387
5493  443
5494  499
5495  555
5496  611
5497  667
5498  723
5499  779
5500  836
5501  253
5502  312
5503  368
5504  424
5505  480
5506  535
5507  591
5508  647
5509  704
5510  760
5511  816
5512  249
5513  312
5514  368
5515  424
5516  481
5517  537
5518  593
5519  649
5520  705
5521  761
5522  816
5523  251
5524  308
5525  364
5526  420
5527  477
5528  532
5529  587
5530  643
5531  699
5532  756
5533  812
5534  270
5535  329
5536  386
5537  441
5538  498
5539  553
5540  610
5541  666
5542  721
5543  790
5544  848
5545  253
5546  311
5547  367
5548  423
5549  478
5550  534
5551  590
5552  646
5553  702
5554  772
5555  828
5556  253
5557  311
5558  366
5559  422
5560  478
5561  534
5562  590
5563  647
5564  717
5565  774
5566  830
5567  252
5568  322
5569  379
5570  435
5571  491
5572  548
5573  604
5574  673
5575  730
5576  786
5577  841
5578  252
5579  310
5580  366
5581  422
5582  477
5583  533
5584  604
5585  660
5586  716
5587  772
5588  827
5589  253
5590  311
5591  367
5592  423
5593  479
5594  548
5595  604
5596  661
5597  716
5598  772
5599  828
5600  256
5601  315
5602  371
5603  426
5604  494
5605  552
5606  607
5607  663
5608  719
5609  775
5610  830
5611  287
5612  345
5613  401
5614  472
5615  528
5616  584
5617  639
5618  695
5619  751
5620  807
5621  863
5622  243
5623  313
5624  369
5625  440
5626  496
5627  551
5628  608
5629  663
5630  720
5631  776
5632  832
5633  261
5634  344
5635  401
5636  458
5637  514
5638  569
5639  624
5640  680
5641  736
5642  791
5643  847
5644  260
5645  332
5646  388
5647  444
5648  499
5649  555
5650  611
5651  667
5652  723
5653  778
5654  834
5655  324
5656  387
5657  445
5658  502
5659  559
5660  616
5661  673
5662  729
5663  785
5664  842
5665  899
5666  256
5667  316
5668  372
5669  428
5670  484
5671  540
5672  595
5673  651
5674  707
5675  763
5676  819
5677  271
5678  329
5679  386
5680  442
5681  498
5682  553
5683  609
5684  665
5685  721
5686  777
5687  833
5688  281
5689  347
5690  403
5691  459
5692  515
5693  570
5694  626
5695  681
5696  737
5697  792
5698  849
5699  272
5700  330
5701  386
5702  442
5703  498
5704  554
5705  610
5706  666
5707  722
5708  778
5709  833
5710  255
5711  314
5712  370
5713  425
5714  481
5715  537
5716  593
5717  648
5718  704
5719  760
5720  816
5721  246
5722  316
5723  371
5724  427
5725  483
5726  538
5727  594
5728  650
5729  707
5730  763
5731  818
5732  262
5733  320
5734  376
5735  432
5736  488
5737  543
5738  599
5739  655
5740  711
5741  767
5742  823
5743  260
5744  318
5745  373
5746  429
5747  485
5748  541
5749  596
5750  652
5751  709
5752  765
5753  835
5754  255
5755  313
5756  369
5757  425
5758  481
5759  536
5760  592
5761  648
5762  704
5763  775
5764  831
5765  263
5766  320
5767  376
5768  433
5769  489
5770  544
5771  600
5772  656
5773  726
5774  782
5775  838
5776  258
5777  314
5778  371
5779  427
5780  481
5781  537
5782  593
5783  661
5784  718
5785  774
5786  830
5787  244
5788  315
5789  371
5790  427
5791  483
5792  539
5793  595
5794  665
5795  721
5796  778
5797  834
5798  264
5799  321
5800  377
5801  433
5802  489
5803  545
5804  615
5805  671
5806  727
5807  783
5808  839
5809  260
5810  318
5811  374
5812  430
5813  485
5814  557
5815  613
5816  669
5817  724
5818  780
5819  837
5820  262
5821  320
5822  376
5823  432
5824  501
5825  557
5826  613
5827  668
5828  724
5829  780
5830  835
5831  257
5832  315
5833  371
5834  441
5835  498
5836  554
5837  609
5838  664
5839  721
5840  777
5841  832
5842  260
5843  317
5844  387
5845  443
5846  499
5847  555
5848  611
5849  667
5850  723
5851  779
5852  835
5853  266
5854  338
5855  395
5856  452
5857  508
5858  564
5859  620
5860  676
5861  732
5862  788
5863  844
5864  276
5865  337
5866  393
5867  449
5868  505
5869  560
5870  617
5871  673
5872  729
5873  786
5874  841
5875  319
5876  382
5877  440
5878  496
5879  553
5880  610
5881  666
5882  723
5883  779
5884  836
5885  893
5886  264
5887  323
5888  379
5889  435
5890  491
5891  547
5892  603
5893  659
5894  715
5895  771
5896  826
5897  276
5898  335
5899  391
5900  447
5901  503
5902  558
5903  614
5904  669
5905  726
5906  782
5907  838
5908  274
5909  339
5910  396
5911  452
5912  507
5913  564
5914  619
5915  675
5916  730
5917  786
5918  841
5919  259
5920  317
5921  373
5922  428
5923  484
5924  541
5925  596
5926  651
5927  707
5928  763
5929  819
5930  270
5931  331
5932  387
5933  443
5934  499
5935  555
5936  610
5937  667
5938  723
5939  779
5940  835
5941  254
5942  319
5943  375
5944  431
5945  486
5946  542
5947  599
5948  655
5949  711
5950  767
5951  822
5952  267
5953  325
5954  381
5955  438
5956  493
5957  549
5958  605
5959  661
5960  716
5961  772
5962  843
5963  247
5964  315
5965  370
5966  426
5967  481
5968  537
5969  593
5970  648
5971  703
5972  771
5973  829
5974  266
5975  323
5976  379
5977  435
5978  491
5979  546
5980  602
5981  657
5982  725
5983  783
5984  839
5985  246
5986  312
5987  368
5988  424
5989  481
5990  536
5991  592
5992  648
5993  718
5994  775
5995  830
5996  255
5997  312
5998  368
5999  424
6000  480
6001  536
6002  592
6003  662
6004  718
6005  773
6006  829
6007  273
6008  338
6009  395
6010  451
6011  506
6012  562
6013  633
6014  688
6015  745
6016  801
6017  857
6018  254
6019  312
6020  369
6021  424
6022  480
6023  550
6024  606
6025  661
6026  717
6027  773
6028  830
6029  256
6030  314
6031  371
6032  427
6033  497
6034  553
6035  609
6036  664
6037  720
6038  776
6039  832
6040  267
6041  326
6042  382
6043  453
6044  510
6045  566
6046  622
6047  677
6048  733
6049  789
6050  845
6051  251
6052  320
6053  390
6054  448
6055  503
6056  559
6057  615
6058  670
6059  726
6060  782
6061  838
6062  242
6063  317
6064  387
6065  443
6066  499
6067  555
6068  611
6069  667
6070  723
6071  779
6072  835
6073  256
6074  335
6075  391
6076  447
6077  503
6078  559
6079  615
6080  670
6081  726
6082  782
6083  837
6084  291
6085  348
6086  404
6087  460
6088  516
6089  572
6090  627
6091  683
6092  738
6093  794
6094  850
6095  300
6096  375
6097  432
6098  488
6099  545
6100  601
6101  658
6102  715
6103  772
6104  828
6105  885
6106  271
6107  329
6108  386
6109  443
6110  498
6111  554
6112  609
6113  665
6114  721
6115  777
6116  834
6117  231
6118  313
6119  369
6120  426
6121  482
6122  539
6123  595
6124  650
6125  706
6126  764
6127  819
6128  282
6129  362
6130  432
6131  488
6132  544
6133  600
6134  655
6135  711
6136  767
6137  823
6138  879
6139  255
6140  314
6141  370
6142  427
6143  482
6144  538
6145  593
6146  650
6147  705
6148  761
6149  817
6150  254
6151  313
6152  368
6153  424
6154  480
6155  536
6156  592
6157  648
6158  704
6159  761
6160  817
6161  246
6162  322
6163  378
6164  434
6165  491
6166  546
6167  602
6168  658
6169  714
6170  770
6171  825
6172  262
6173  321
6174  377
6175  433
6176  489
6177  544
6178  600
6179  656
6180  712
6181  767
6182  838
6183  261
6184  318
6185  375
6186  430
6187  487
6188  543
6189  598
6190  654
6191  710
6192  782
6193  838
6194  256
6195  314
6196  370
6197  426
6198  482
6199  537
6200  594
6201  649
6202  719
6203  776
6204  832
6205  261
6206  320
6207  376
6208  432
6209  489
6210  544
6211  600
6212  669
6213  726
6214  782
6215  839
6216  254
6217  312
6218  368
6219  424
6220  480
6221  535
6222  602
6223  661
6224  717
6225  774
6226  830
6227  261
6228  335
6229  392
6230  448
6231  504
6232  575
6233  632
6234  687
6235  744
6236  800
6237  856
6238  265
6239  323
6240  379
6241  434
6242  490
6243  560
6244  616
6245  672
6246  728
6247  783
6248  839
6249  257
6250  315
6251  372
6252  428
6253  500
6254  556
6255  612
6256  668
6257  723
6258  779
6259  835
6260  265
6261  323
6262  379
6263  450
6264  506
6265  561
6266  617
6267  673
6268  729
6269  785
6270  841
6271  258
6272  316
6273  386
6274  443
6275  498
6276  554
6277  609
6278  666
6279  721
6280  777
6281  833
6282  258
6283  341
6284  397
6285  453
6286  509
6287  564
6288  620
6289  676
6290  731
6291  788
6292  843
6293  277
6294  336
6295  391
6296  447
6297  503
6298  559
6299  615
6300  671
6301  726
6302  782
6303  837
6304  278
6305  336
6306  392
6307  448
6308  504
6309  559
6310  615
6311  671
6312  726
6313  782
6314  838
6315  323
6316  387
6317  444
6318  501
6319  558
6320  614
6321  670
6322  727
6323  783
6324  840
6325  897
6326  265
6327  324
6328  381
6329  437
6330  494
6331  550
6332  606
6333  661
6334  717
6335  772
6336  828
6337  252
6338  319
6339  375
6340  431
6341  486
6342  542
6343  598
6344  654
6345  710
6346  766
6347  821
6348  290
6349  360
6350  417
6351  473
6352  529
6353  586
6354  643
6355  699
6356  756
6357  812
6358  869
6359  257
6360  315
6361  370
6362  426
6363  482
6364  538
6365  595
6366  650
6367  706
6368  762
6369  818
6370  281
6371  340
6372  396
6373  453
6374  508
6375  565
6376  620
6377  677
6378  733
6379  790
6380  861
6381  261
6382  322
6383  378
6384  434
6385  490
6386  547
6387  602
6388  658
6389  714
6390  770
6391  840
6392  263
6393  321
6394  377
6395  433
6396  489
6397  545
6398  601
6399  657
6400  713
6401  785
6402  841
6403  258
6404  317
6405  373
6406  429
6407  486
6408  542
6409  598
6410  654
6411  724
6412  781
6413  837
6414  261
6415  320
6416  376
6417  432
6418  488
6419  544
6420  600
6421  671
6422  727
6423  783
6424  838
6425  265
6426  323
6427  380
6428  436
6429  492
6430  547
6431  617
6432  674
6433  729
6434  785
6435  841
6436  259
6437  317
6438  373
6439  430
6440  485
6441  555
6442  611
6443  667
6444  723
6445  778
6446  834
6447  246
6448  318
6449  385
6450  442
6451  513
6452  569
6453  625
6454  680
6455  737
6456  792
6457  848
6458  271
6459  328
6460  384
6461  454
6462  510
6463  566
6464  621
6465  677
6466  733
6467  790
6468  846
6469  263
6470  321
6471  378
6472  448
6473  504
6474  560
6475  616
6476  672
6477  727
6478  784
6479  840
6480  259
6481  318
6482  387
6483  443
6484  499
6485  554
6486  610
6487  666
6488  722
6489  777
6490  832
6491  247
6492  331
6493  387
6494  443
6495  499
6496  554
6497  610
6498  666
6499  722
6500  778
6501  834
6502  274
6503  332
6504  387
6505  443
6506  499
6507  555
6508  611
6509  666
6510  722
6511  778
6512  833
6513  267
6514  338
6515  394
6516  450
6517  506
6518  562
6519  617
6520  673
6521  729
6522  785
6523  840
6524  265
6525  323
6526  379
6527  435
6528  491
6529  547
6530  602
6531  658
6532  714
6533  770
6534  826
6535  308
6536  383
6537  441
6538  498
6539  554
6540  610
6541  666
6542  722
6543  778
6544  835
6545  891
6546  275
6547  333
6548  390
6549  446
6550  502
6551  557
6552  613
6553  668
6554  724
6555  779
6556  835
6557  264
6558  323
6559  380
6560  437
6561  492
6562  548
6563  603
6564  660
6565  715
6566  771
6567  827
6568  249
6569  320
6570  377
6571  432
6572  488
6573  544
6574  599
6575  654
6576  710
6577  765
6578  821
6579  261
6580  319
6581  374
6582  430
6583  487
6584  543
6585  599
6586  655
6587  711
6588  767
6589  822
6590  263
6591  334
6592  390
6593  446
6594  502
6595  558
6596  614
6597  669
6598  725
6599  782
6600  852
6601  266
6602  323
6603  379
6604  435
6605  490
6606  545
6607  601
6608  657
6609  712
6610  783
6611  839
6612  242
6613  299
6614  367
6615  424
6616  479
6617  535
6618  590
6619  646
6620  715
6621  773
6622  829
6623  269
6624  328
6625  384
6626  440
6627  496
6628  552
6629  608
6630  678
6631  735
6632  791
6633  847
6634  260
6635  318
6636  387
6637  443
6638  498
6639  554
6640  625
6641  681
6642  737
6643  793
6644  848
6645  262
6646  320
6647  376
6648  432
6649  488
6650  555
6651  614
6652  669
6653  725
6654  781
6655  837
6656  256
6657  314
6658  370
6659  426
6660  483
6661  553
6662  609
6663  665
6664  721
6665  776
6666  832
6667  274
6668  339
6669  395
6670  463
6671  521
6672  577
6673  633
6674  689
6675  745
6676  801
6677  857
6678  266
6679  324
6680  380
6681  450
6682  507
6683  562
6684  618
6685  673
6686  729
6687  785
6688  841
6689  256
6690  314
6691  384
6692  440
6693  496
6694  551
6695  607
6696  662
6697  718
6698  774
6699  829
6700  259
6701  330
6702  387
6703  443
6704  499
6705  555
6706  610
6707  666
6708  722
6709  778
6710  833
6711  277
6712  337
6713  393
6714  449
6715  504
6716  560
6717  616
6718  672
6719  728
6720  784
6721  839
6722  262
6723  320
6724  376
6725  431
6726  487
6727  543
6728  599
6729  655
6730  711
6731  767
6732  823
6733  260
6734  326
6735  383
6736  439
6737  494
6738  550
6739  605
6740  661
6741  716
6742  772
6743  827
6744  247
6745  315
6746  383
6747  440
6748  495
6749  551
6750  607
6751  663
6752  719
6753  774
6754  829
6755  291
6756  365
6757  423
6758  479
6759  535
6760  592
6761  647
6762  703
6763  760
6764  816
6765  872
6766  282
6767  340
6768  396
6769  451
6770  508
6771  563
6772  618
6773  674
6774  730
6775  785
6776  841
6777  274
6778  332
6779  388
6780  444
6781  500
6782  556
6783  612
6784  668
6785  724
6786  779
6787  835
6788  245
6789  316
6790  373
6791  429
6792  484
6793  540
6794  596
6795  652
6796  708
6797  763
6798  819
6799  253
6800  311
6801  367
6802  423
6803  479
6804  535
6805  590
6806  647
6807  702
6808  758
6809  814
6810  274
6811  335
6812  391
6813  448
6814  504
6815  559
6816  615
6817  672
6818  728
6819  784
6820  854
6821  247
6822  312
6823  368
6824  424
6825  480
6826  535
6827  591
6828  647
6829  702
6830  773
6831  829
6832  264
6833  322
6834  379
6835  435
6836  490
6837  546
6838  601
6839  657
6840  728
6841  784
6842  840
6843  247
6844  306
6845  362
6846  417
6847  472
6848  528
6849  583
6850  651
6851  709
6852  765
6853  820
6854  243
6855  301
6856  377
6857  433
6858  489
6859  545
6860  614
6861  670
6862  726
6863  782
6864  837
6865  256
6866  314
6867  371
6868  427
6869  481
6870  536
6871  607
6872  663
6873  718
6874  774
6875  831
6876  259
6877  316
6878  372
6879  428
6880  484
6881  553
6882  608
6883  665
6884  721
6885  776
6886  833
6887  253
6888  324
6889  380
6890  475
6891  533
6892  588
6893  644
6894  700
6895  756
6896  812
6897  868
6898  265
6899  323
6900  379
6901  449
6902  505
6903  561
6904  616
6905  671
6906  727
6907  782
6908  837
6909  255
6910  312
6911  383
6912  439
6913  495
6914  551
6915  607
6916  662
6917  718
6918  773
6919  829
6920  266
6921  339
6922  395
6923  451
6924  506
6925  562
6926  618
6927  673
6928  730
6929  785
6930  840
6931  258
6932  323
6933  386
6934  442
6935  497
6936  553
6937  608
6938  664
6939  719
6940  775
6941  830
6942  266
6943  330
6944  393
6945  449
6946  504
6947  560
6948  615
6949  671
6950  726
6951  781
6952  837
6953  256
6954  323
6955  379
6956  435
6957  491
6958  547
6959  603
6960  658
6961  714
6962  770
6963  825
6964  259
6965  318
6966  385
6967  441
6968  496
6969  552
6970  608
6971  663
6972  719
6973  775
6974  831
6975  316
6976  379
6977  437
6978  494
6979  550
6980  605
6981  661
6982  717
6983  773
6984  829
6985  886
6986  287
6987  345
6988  401
6989  457
6990  514
6991  569
6992  624
6993  679
6994  735
6995  792
6996  847
6997  264
6998  322
6999  378
7000  434
7001  489
7002  545
7003  601
7004  657
7005  713
7006  769
7007  824
7008  290
7009  349
7010  405
7011  460
7012  516
7013  572
7014  628
7015  684
7016  740
7017  796
7018  852
7019  255
7020  313
7021  369
7022  425
7023  481
7024  536
7025  591
7026  648
7027  703
7028  760
7029  827
7030  253
7031  311
7032  367
7033  423
7034  479
7035  535
7036  590
7037  646
7038  701
7039  757
7040  827
7041  252
7042  317
7043  374
7044  429
7045  486
7046  542
7047  598
7048  654
7049  710
7050  779
7051  835
7052  258
7053  317
7054  373
7055  429
7056  485
7057  541
7058  597
7059  653
7060  725
7061  781
7062  837
7063  257
7064  316
7065  372
7066  427
7067  483
7068  539
7069  595
7070  665
7071  721
7072  778
7073  834
7074  255
7075  314
7076  370
7077  426
7078  481
7079  537
7080  607
7081  663
7082  719
7083  775
7084  831
7085  262
7086  320
7087  377
7088  433
7089  488
7090  559
7091  615
7092  670
7093  726
7094  782
7095  837
7096  240
7097  309
7098  366
7099  422
7100  490
7101  548
7102  604
7103  659
7104  715
7105  770
7106  826
7107  260
7108  328
7109  384
7110  454
7111  511
7112  567
7113  623
7114  678
7115  734
7116  790
7117  846
7118  260
7119  317
7120  373
7121  442
7122  498
7123  554
7124  610
7125  665
7126  721
7127  776
7128  832
7129  260
7130  318
7131  389
7132  445
7133  501
7134  557
7135  612
7136  668
7137  723
7138  780
7139  835
7140  262
7141  335
7142  393
7143  449
7144  504
7145  561
7146  616
7147  671
7148  726
7149  782
7150  837
7151  264
7152  323
7153  378
7154  434
7155  490
7156  546
7157  602
7158  658
7159  714
7160  769
7161  825
7162  261
7163  319
7164  376
7165  431
7166  487
7167  543
7168  598
7169  653
7170  709
7171  765
7172  821
7173  267
7174  325
7175  381
7176  437
7177  492
7178  549
7179  604
7180  660
7181  716
7182  772
7183  827
7184  250
7185  308
7186  364
7187  420
7188  476
7189  532
7190  587
7191  643
7192  699
7193  756
7194  811
7195  327
7196  389
7197  446
7198  503
7199  559
7200  616
7201  672
7202  727
7203  784
7204  840
7205  897
7206  264
7207  322
7208  379
7209  435
7210  491
7211  546
7212  601
7213  657
7214  713
7215  769
7216  825
7217  262
7218  320
7219  376
7220  432
7221  488
7222  543
7223  599
7224  655
7225  711
7226  767
7227  823
7228  260
7229  340
7230  397
7231  453
7232  509
7233  565
7234  620
7235  675
7236  731
7237  787
7238  843
7239  257
7240  315
7241  371
7242  426
7243  482
7244  538
7245  594
7246  650
7247  706
7248  763
7249  834
7250  277
7251  337
7252  394
7253  450
7254  507
7255  563
7256  619
7257  675
7258  731
7259  802
7260  859
7261  242
7262  312
7263  369
7264  424
7265  480
7266  536
7267  592
7268  648
7269  718
7270  774
7271  830
7272  268
7273  325
7274  381
7275  437
7276  493
7277  549
7278  605
7279  676
7280  732
7281  787
7282  843
7283  240
7284  303
7285  378
7286  435
7287  491
7288  547
7289  616
7290  672
7291  727
7292  783
7293  838
7294  256
7295  314
7296  371
7297  427
7298  483
7299  539
7300  607
7301  663
7302  719
7303  775
7304  832
7305  253
7306  311
7307  368
7308  423
7309  479
7310  549
7311  604
7312  661
7313  717
7314  773
7315  828
7316  253
7317  312
7318  368
7319  424
7320  493
7321  549
7322  605
7323  661
7324  717
7325  773
7326  829
7327  265
7328  330
7329  386
7330  456
7331  513
7332  568
7333  625
7334  682
7335  737
7336  794
7337  849
7338  255
7339  311
7340  382
7341  439
7342  495
7343  550
7344  606
7345  662
7346  718
7347  774
7348  830
7349  259
7350  332
7351  389
7352  444
7353  500
7354  556
7355  612
7356  668
7357  723
7358  779
7359  835
7360  270
7361  330
7362  386
7363  442
7364  497
7365  553
7366  609
7367  665
7368  720
7369  777
7370  832
7371  271
7372  331
7373  387
7374  443
7375  499
7376  555
7377  610
7378  666
7379  722
7380  778
7381  834
7382  260
7383  330
7384  386
7385  442
7386  498
7387  554
7388  610
7389  665
7390  721
7391  777
7392  833
7393  268
7394  342
7395  400
7396  456
7397  511
7398  567
7399  623
7400  679
7401  735
7402  791
7403  846
7404  254
7405  313
7406  369
7407  425
7408  481
7409  537
7410  593
7411  648
7412  704
7413  761
7414  817
7415  317
7416  386
7417  444
7418  501
7419  558
7420  615
7421  670
7422  727
7423  782
7424  839
7425  895
7426  263
7427  321
7428  377
7429  433
7430  489
7431  544
7432  601
7433  656
7434  712
7435  768
7436  824
7437  270
7438  327
7439  383
7440  439
7441  495
7442  551
7443  606
7444  662
7445  718
7446  774
7447  829
7448  311
7449  372
7450  429
7451  485
7452  541
7453  597
7454  654
7455  710
7456  767
7457  835
7458  895
7459  260
7460  318
7461  375
7462  430
7463  486
7464  543
7465  598
7466  655
7467  710
7468  781
7469  838
7470  253
7471  313
7472  369
7473  425
7474  480
7475  535
7476  592
7477  648
7478  716
7479  775
7480  831
7481  266
7482  325
7483  381
7484  437
7485  494
7486  550
7487  606
7488  675
7489  732
7490  787
7491  843
7492  264
7493  321
7494  378
7495  433
7496  490
7497  545
7498  601
7499  671
7500  727
7501  783
7502  838
7503  255
7504  313
7505  369
7506  425
7507  481
7508  536
7509  606
7510  662
7511  718
7512  773
7513  828
7514  269
7515  328
7516  384
7517  439
7518  495
7519  566
7520  623
7521  678
7522  734
7523  790
7524  845
7525  260
7526  317
7527  374
7528  430
7529  500
7530  556
7531  612
7532  668
7533  723
7534  779
7535  835
7536  249
7537  307
7538  363
7539  432
7540  489
7541  545
7542  600
7543  657
7544  713
7545  768
7546  824
7547  257
7548  326
7549  397
7550  454
7551  510
7552  566
7553  621
7554  677
7555  733
7556  789
7557  845
7558  260
7559  328
7560  387
7561  443
7562  499
7563  555
7564  610
7565  666
7566  722
7567  778
7568  834
7569  259
7570  329
7571  385
7572  442
7573  497
7574  553
7575  609
7576  664
7577  720
7578  775
7579  831
7580  278
7581  337
7582  393
7583  449
7584  505
7585  560
7586  616
7587  671
7588  727
7589  784
7590  839
7591  276
7592  334
7593  390
7594  445
7595  501
7596  557
7597  612
7598  668
7599  724
7600  780
7601  836
7602  320
7603  397
7604  455
7605  512
7606  568
7607  625
7608  681
7609  738
7610  794
7611  850
7612  906
7613  263
7614  322
7615  378
7616  435
7617  491
7618  546
7619  602
7620  658
7621  714
7622  769
7623  825
7624  257
7625  316
7626  372
7627  428
7628  484
7629  540
7630  595
7631  651
7632  706
7633  762
7634  818
7635  304
7636  379
7637  437
7638  494
7639  551
7640  607
7641  664
7642  720
7643  776
7644  832
7645  888
7646  258
7647  317
7648  373
7649  429
7650  486
7651  541
7652  598
7653  654
7654  710
7655  766
7656  822
7657  270
7658  327
7659  383
7660  440
7661  497
7662  553
7663  610
7664  665
7665  721
7666  789
7667  847
7668  253
7669  326
7670  383
7671  439
7672  495
7673  550
7674  607
7675  663
7676  719
7677  789
7678  845
7679  260
7680  318
7681  373
7682  429
7683  484
7684  541
7685  597
7686  653
7687  723
7688  780
7689  835
7690  268
7691  327
7692  384
7693  440
7694  496
7695  552
7696  607
7697  677
7698  733
7699  790
7700  845
7701  231
7702  303
7703  359
7704  414
7705  470
7706  525
7707  594
7708  653
7709  709
7710  765
7711  821
7712  244
7713  302
7714  358
7715  414
7716  470
7717  537
7718  595
7719  652
7720  707
7721  764
7722  820
7723  266
7724  325
7725  381
7726  437
7727  508
7728  564
7729  619
7730  675
7731  731
7732  787
7733  843
7734  261
7735  320
7736  376
7737  443
7738  501
7739  557
7740  612
7741  668
7742  724
7743  780
7744  836
7745  255
7746  313
7747  369
7748  439
7749  494
7750  551
7751  606
7752  661
7753  717
7754  773
7755  828
7756  261
7757  319
7758  389
7759  445
7760  501
7761  557
7762  613
7763  670
7764  726
7765  781
7766  837
7767  257
7768  341
7769  397
7770  453
7771  509
7772  565
7773  620
7774  676
7775  731
7776  787
7777  842
7778  279
7779  337
7780  394
7781  450
7782  506
7783  561
7784  617
7785  673
7786  729
7787  784
7788  840
7789  273
7790  331
7791  388
7792  443
7793  499
7794  554
7795  609
7796  665
7797  722
7798  777
7799  832
7800  259
7801  318
7802  374
7803  430
7804  486
7805  541
7806  597
7807  652
7808  707
7809  763
7810  818
7811  261
7812  319
7813  375
7814  431
7815  486
7816  542
7817  599
7818  654
7819  710
7820  766
7821  822
7822  260
7823  320
7824  375
7825  431
7826  486
7827  542
7828  598
7829  653
7830  708
7831  764
7832  819
7833  273
7834  331
7835  387
7836  443
7837  499
7838  554
7839  610
7840  667
7841  722
7842  777
7843  833
7844  264
7845  322
7846  378
7847  433
7848  489
7849  545
7850  601
7851  656
7852  712
7853  767
7854  823
7855  307
7856  382
7857  439
7858  495
7859  551
7860  607
7861  662
7862  719
7863  776
7864  832
7865  888
7866  261
7867  319
7868  375
7869  431
7870  486
7871  542
7872  598
7873  654
7874  710
7875  765
7876  833
7877  259
7878  318
7879  374
7880  429
7881  484
7882  540
7883  596
7884  652
7885  708
7886  777
7887  835
7888  254
7889  327
7890  384
7891  440
7892  496
7893  551
7894  606
7895  662
7896  732
7897  788
7898  845
7899  265
7900  324
7901  379
7902  435
7903  491
7904  546
7905  602
7906  657
7907  727
7908  783
7909  839
7910  263
7911  322
7912  378
7913  434
7914  489
7915  545
7916  601
7917  671
7918  727
7919  783
7920  839
7921  249
7922  313
7923  369
7924  425
7925  480
7926  536
7927  606
7928  662
7929  717
7930  773
7931  829
7932  250
7933  310
7934  366
7935  421
7936  477
7937  547
7938  603
7939  659
7940  714
7941  770
7942  826
7943  264
7944  322
7945  378
7946  434
7947  505
7948  562
7949  618
7950  674
7951  730
7952  786
7953  842
7954  258
7955  317
7956  373
7957  443
7958  500
7959  555
7960  611
7961  667
7962  721
7963  778
7964  833
7965  250
7966  308
7967  364
7968  433
7969  489
7970  544
7971  599
7972  655
7973  712
7974  768
7975  824
7976  257
7977  315
7978  383
7979  439
7980  495
7981  551
7982  607
7983  662
7984  718
7985  773
7986  829
7987  287
7988  355
7989  411
7990  467
7991  522
7992  578
7993  634
7994  690
7995  746
7996  802
7997  857
7998  271
7999  330
8000  386
8001  443
8002  498
8003  554
8004  610
8005  665
8006  721
8007  776
8008  832
8009  271
8010  328
8011  385
8012  441
8013  496
8014  552
8015  608
8016  664
8017  720
8018  775
8019  831
8020  266
8021  325
8022  381
8023  437
8024  493
8025  549
8026  604
8027  660
8028  716
8029  772
8030  827
8031  247
8032  312
8033  368
8034  424
8035  480
8036  536
8037  591
8038  647
8039  703
8040  759
8041  815
8042  247
8043  316
8044  373
8045  428
8046  484
8047  539
8048  595
8049  650
8050  706
8051  762
8052  818
8053  272
8054  330
8055  386
8056  442
8057  498
8058  554
8059  609
8060  665
8061  721
8062  776
8063  832
8064  257
8065  316
8066  371
8067  427
8068  483
8069  539
8070  595
8071  650
8072  705
8073  761
8074  817
8075  292
8076  362
8077  419
8078  476
8079  533
8080  589
8081  645
8082  702
8083  758
8084  814
8085  871
8086  265
8087  323
8088  379
8089  436
8090  491
8091  547
8092  603
8093  658
8094  714
8095  770
8096  841
8097  252
8098  320
8099  376
8100  432
8101  488
8102  544
8103  600
8104  656
8105  711
8106  779
8107  838
8108  259
8109  329
8110  386
8111  442
8112  497
8113  554
8114  609
8115  665
8116  735
8117  792
8118  848
8119  264
8120  322
8121  379
8122  435
8123  491
8124  546
8125  602
8126  658
8127  728
8128  784
8129  840
8130  282
8131  343
8132  399
8133  455
8134  512
8135  568
8136  639
8137  696
8138  755
8139  811
8140  866
8141  284
8142  345
8143  402
8144  458
8145  515
8146  586
8147  643
8148  699
8149  755
8150  811
8151  867
8152  261
8153  320
8154  377
8155  432
8156  488
8157  559
8158  614
8159  671
8160  727
8161  783
8162  839
8163  258
8164  316
8165  373
8166  429
8167  499
8168  555
8169  611
8170  667
8171  722
8172  779
8173  835
8174  253
8175  311
8176  368
8177  438
8178  493
8179  549
8180  605
8181  660
8182  716
8183  773
8184  829
8185  259
8186  318
8187  389
8188  446
8189  501
8190  557
8191  613
8192  670
8193  725
8194  781
8195  837
8196  247
8197  331
8198  388
8199  443
8200  499
8201  555
8202  611
8203  666
8204  722
8205  777
8206  833
8207  277
8208  349
8209  405
8210  461
8211  518
8212  573
8213  629
8214  684
8215  741
8216  797
8217  854
8218  272
8219  330
8220  386
8221  442
8222  498
8223  554
8224  610
8225  665
8226  721
8227  777
8228  833
8229  259
8230  317
8231  374
8232  429
8233  486
8234  540
8235  596
8236  653
8237  709
8238  765
8239  821
8240  254
8241  312
8242  369
8243  424
8244  480
8245  536
8246  592
8247  647
8248  703
8249  759
8250  815
8251  241
8252  318
8253  375
8254  431
8255  487
8256  543
8257  599
8258  656
8259  711
8260  767
8261  824
8262  285
8263  343
8264  400
8265  455
8266  511
8267  567
8268  623
8269  679
8270  735
8271  791
8272  846
8273  263
8274  320
8275  376
8276  433
8277  488
8278  544
8279  600
8280  656
8281  712
8282  768
8283  824
8284  244
8285  313
8286  368
8287  424
8288  480
8289  536
8290  592
8291  648
8292  704
8293  760
8294  816
8295  324
8296  387
8297  444
8298  501
8299  557
8300  614
8301  670
8302  727
8303  783
8304  840
8305  913
8306  275
8307  334
8308  391
8309  448
8310  505
8311  560
8312  617
8313  673
8314  729
8315  797
8316  855
8317  242
8318  320
8319  377
8320  432
8321  487
8322  543
8323  599
8324  656
8325  712
8326  781
8327  839
8328  246
8329  328
8330  385
8331  441
8332  497
8333  553
8334  609
8335  665
8336  735
8337  792
8338  848
8339  252
8340  310
8341  366
8342  421
8343  478
8344  534
8345  590
8346  659
8347  716
8348  772
8349  827
8350  264
8351  322
8352  379
8353  435
8354  491
8355  546
8356  617
8357  674
8358  730
8359  786
8360  842
8361  247
8362  317
8363  373
8364  429
8365  485
8366  556
8367  613
8368  669
8369  726
8370  782
8371  838
8372  262
8373  319
8374  375
8375  431
8376  498
8377  556
8378  612
8379  668
8380  724
8381  780
8382  836
8383  260
8384  317
8385  374
8386  430
8387  500
8388  556
8389  612
8390  668
8391  723
8392  779
8393  835
8394  270
8395  329
8396  385
8397  453
8398  509
8399  565
8400  621
8401  677
8402  733
8403  789
8404  844
8405  271
8406  328
8407  399
8408  455
8409  511
8410  567
8411  623
8412  679
8413  735
8414  792
8415  847
8416  263
8417  335
8418  391
8419  447
8420  503
8421  559
8422  615
8423  671
8424  727
8425  783
8426  839
8427  242
8428  325
8429  382
8430  438
8431  494
8432  550
8433  607
8434  663
8435  718
8436  774
8437  829
8438  261
8439  319
8440  375
8441  431
8442  486
8443  541
8444  598
8445  654
8446  710
8447  766
8448  822
8449  255
8450  314
8451  370
8452  426
8453  481
8454  536
8455  592
8456  649
8457  705
8458  760
8459  815
8460  255
8461  313
8462  370
8463  426
8464  481
8465  537
8466  592
8467  648
8468  704
8469  759
8470  815
8471  251
8472  310
8473  366
8474  423
8475  478
8476  534
8477  589
8478  645
8479  701
8480  757
8481  813
8482  268
8483  334
8484  391
8485  446
8486  502
8487  558
8488  613
8489  669
8490  725
8491  780
8492  836
8493  262
8494  320
8495  388
8496  445
8497  500
8498  556
8499  611
8500  667
8501  723
8502  779
8503  835
8504  311
8505  374
8506  431
8507  488
8508  544
8509  601
8510  657
8511  713
8512  768
8513  825
8514  881
8515  286
8516  347
8517  404
8518  460
8519  517
8520  573
8521  628
8522  685
8523  740
8524  797
8525  869
8526  264
8527  323
8528  379
8529  437
8530  492
8531  548
8532  605
8533  660
8534  716
8535  787
8536  844
8537  262
8538  332
8539  388
8540  444
8541  501
8542  556
8543  611
8544  667
8545  738
8546  794
8547  849
8548  281
8549  356
8550  413
8551  469
8552  526
8553  582
8554  649
8555  708
8556  765
8557  821
8558  877
8559  259
8560  316
8561  372
8562  428
8563  484
8564  540
8565  610
8566  666
8567  722
8568  778
8569  834
8570  265
8571  325
8572  382
8573  437
8574  494
8575  564
8576  620
8577  676
8578  732
8579  788
8580  844
8581  255
8582  314
8583  370
8584  426
8585  497
8586  554
8587  610
8588  665
8589  721
8590  777
8591  833
8592  252
8593  311
8594  367
8595  437
8596  493
8597  548
8598  605
8599  660
8600  716
8601  772
8602  827
8603  262
8604  320
8605  390
8606  447
8607  503
8608  559
8609  614
8610  670
8611  726
8612  782
8613  837
8614  283
8615  358
8616  414
8617  471
8618  528
8619  584
8620  639
8621  696
8622  752
8623  808
8624  864
8625  271
8626  330
8627  386
8628  442
8629  499
8630  554
8631  608
8632  664
8633  721
8634  777
8635  833
8636  263
8637  321
8638  377
8639  433
8640  488
8641  544
8642  599
8643  655
8644  710
8645  766
8646  821
8647  275
8648  341
8649  397
8650  454
8651  510
8652  565
8653  621
8654  677
8655  732
8656  789
8657  844
8658  270
8659  327
8660  383
8661  439
8662  494
8663  550
8664  606
8665  662
8666  718
8667  773
8668  829
8669  259
8670  317
8671  373
8672  428
8673  485
8674  540
8675  595
8676  650
8677  705
8678  760
8679  816
8680  284
8681  342
8682  399
8683  454
8684  510
8685  566
8686  621
8687  677
8688  733
8689  789
8690  845
8691  252
8692  310
8693  365
8694  422
8695  477
8696  533
8697  588
8698  643
8699  699
8700  754
8701  810
8702  279
8703  337
8704  394
8705  450
8706  506
8707  561
8708  617
8709  673
8710  729
8711  785
8712  841
8713  269
8714  326
8715  382
8716  439
8717  494
8718  550
8719  605
8720  661
8721  717
8722  773
8723  829
8724  308
8725  379
8726  436
8727  493
8728  549
8729  605
8730  661
8731  716
8732  773
8733  848
8734  905
8735  299
8736  359
8737  415
8738  472
8739  528
8740  584
8741  639
8742  695
8743  767
8744  823
8745  879
8746  259
8747  316
8748  385
8749  441
8750  497
8751  553
8752  609
8753  679
8754  735
8755  791
8756  847
8757  258
8758  315
8759  371
8760  426
8761  482
8762  538
8763  606
8764  664
8765  720
8766  776
8767  832
8768  258
8769  333
8770  389
8771  445
8772  500
8773  571
8774  628
8775  684
8776  739
8777  795
8778  851
8779  251
8780  308
8781  364
8782  421
8783  477
8784  547
8785  603
8786  659
8787  714
8788  770
8789  825
8790  252
8791  309
8792  365
8793  420
8794  490
8795  547
8796  603
8797  659
8798  714
8799  770
8800  826
8801  270
8802  328
8803  384
8804  454
8805  510
8806  565
8807  621
8808  677
8809  733
8810  788
8811  844
8812  249
8813  307
8814  377
8815  433
8816  489
8817  545
8818  601
8819  656
8820  712
8821  768
8822  824
8823  268
8824  390
8825  506
8826  564
8827  620
8828  677
8829  733
8830  789
8831  846
8832  901
8833  957
8834  278
8835  337
8836  393
8837  449
8838  505
8839  561
8840  616
8841  672
8842  728
8843  784
8844  839
8845  268
8846  324
8847  380
8848  436
8849  492
8850  548
8851  603
8852  659
8853  715
8854  770
8855  826
8856  251
8857  310
8858  366
8859  421
8860  478
8861  533
8862  588
8863  643
8864  700
8865  755
8866  811
8867  247
8868  319
8869  376
8870  432
8871  488
8872  544
8873  600
8874  656
8875  712
8876  769
8877  824
8878  267
8879  325
8880  381
8881  436
8882  492
8883  546
8884  603
8885  658
8886  714
8887  770
8888  825
8889  261
8890  318
8891  374
8892  430
8893  485
8894  541
8895  597
8896  652
8897  708
8898  763
8899  818
8900  250
8901  309
8902  365
8903  420
8904  476
8905  532
8906  588
8907  643
8908  699
8909  755
8910  811
8911  263
8912  321
8913  377
8914  433
8915  488
8916  543
8917  599
8918  655
8919  711
8920  767
8921  822
8922  266
8923  324
8924  379
8925  435
8926  491
8927  546
8928  602
8929  657
8930  712
8931  768
8932  823
8933  257
8934  315
8935  371
8936  427
8937  482
8938  537
8939  592
8940  648
8941  703
8942  759
8943  829
8944  319
8945  384
8946  442
8947  499
8948  555
8949  611
8950  668
8951  724
8952  799
8953  856
8954  913
8955  271
8956  329
8957  385
8958  442
8959  498
8960  554
8961  609
8962  677
8963  736
8964  792
8965  847
8966  255
8967  314
8968  370
8969  427
8970  483
8971  539
8972  594
8973  664
8974  720
8975  775
8976  831
8977  287
8978  345
8979  401
8980  457
8981  512
8982  582
8983  638
8984  694
8985  750
8986  805
8987  861
8988  246
8989  317
8990  373
8991  429
8992  485
8993  555
8994  610
8995  666
8996  721
8997  777
8998  833
8999  259
9000  317
9001  374
9002  430
9003  500
9004  556
9005  612
9006  668
9007  723
9008  779
9009  834
9010  281
9011  342
9012  398
9013  470
9014  526
9015  581
9016  638
9017  693
9018  749
9019  805
9020  861
9021  258
9022  316
9023  387
9024  443
9025  499
9026  556
9027  612
9028  667
9029  723
9030  778
9031  834
9032  262
9033  334
9034  390
9035  446
9036  502
9037  558
9038  614
9039  670
9040  725
9041  780
9042  836
9043  272
9044  333
9045  389
9046  446
9047  501
9048  557
9049  613
9050  669
9051  724
9052  780
9053  835
9054  265
9055  322
9056  379
9057  435
9058  490
9059  546
9060  602
9061  658
9062  713
9063  769
9064  824
9065  263
9066  321
9067  376
9068  433
9069  488
9070  544
9071  599
9072  656
9073  712
9074  767
9075  822
9076  267
9077  325
9078  382
9079  438
9080  493
9081  549
9082  605
9083  661
9084  716
9085  772
9086  828
9087  251
9088  321
9089  378
9090  435
9091  490
9092  547
9093  602
9094  658
9095  714
9096  769
9097  825
9098  259
9099  319
9100  374
9101  429
9102  485
9103  542
9104  598
9105  654
9106  709
9107  767
9108  822
9109  258
9110  316
9111  373
9112  429
9113  485
9114  541
9115  596
9116  651
9117  707
9118  764
9119  820
9120  267
9121  338
9122  394
9123  449
9124  505
9125  561
9126  616
9127  671
9128  727
9129  783
9130  839
9131  261
9132  319
9133  375
9134  431
9135  487
9136  542
9137  598
9138  654
9139  710
9140  765
9141  821
9142  283
9143  343
9144  399
9145  455
9146  511
9147  567
9148  622
9149  679
9150  734
9151  790
9152  861
9153  263
9154  321
9155  377
9156  434
9157  490
9158  545
9159  601
9160  656
9161  712
9162  782
9163  838
9164  320
9165  382
9166  439
9167  497
9168  553
9169  609
9170  666
9171  743
9172  800
9173  857
9174  913
9175  259
9176  317
9177  374
9178  430
9179  485
9180  540
9181  596
9182  667
9183  723
9184  778
9185  834
9186  269
9187  328
9188  384
9189  441
9190  497
9191  552
9192  623
9193  679
9194  735
9195  791
9196  846
9197  261
9198  330
9199  386
9200  442
9201  499
9202  568
9203  624
9204  680
9205  736
9206  792
9207  847
9208  254
9209  325
9210  381
9211  437
9212  507
9213  563
9214  620
9215  675
9216  731
9217  787
9218  843
9219  274
9220  332
9221  388
9222  459
9223  515
9224  570
9225  626
9226  682
9227  738
9228  794
9229  849
9230  263
9231  321
9232  389
9233  447
9234  503
9235  559
9236  615
9237  671
9238  726
9239  782
9240  838
9241  264
9242  335
9243  393
9244  449
9245  505
9246  562
9247  618
9248  674
9249  730
9250  786
9251  842
9252  255
9253  328
9254  385
9255  441
9256  497
9257  553
9258  609
9259  664
9260  720
9261  775
9262  831
9263  273
9264  331
9265  387
9266  443
9267  498
9268  554
9269  610
9270  666
9271  721
9272  777
9273  834
9274  273
9275  330
9276  387
9277  443
9278  498
9279  554
9280  610
9281  666
9282  722
9283  778
9284  834
9285  255
9286  313
9287  369
9288  425
9289  481
9290  536
9291  592
9292  648
9293  703
9294  759
9295  815
9296  260
9297  318
9298  375
9299  431
9300  487
9301  542
9302  598
9303  654
9304  710
9305  766
9306  821
9307  259
9308  328
9309  384
9310  440
9311  496
9312  552
9313  607
9314  663
9315  719
9316  775
9317  831
9318  274
9319  334
9320  390
9321  446
9322  502
9323  558
9324  613
9325  669
9326  725
9327  780
9328  837
9329  261
9330  319
9331  375
9332  431
9333  487
9334  543
9335  599
9336  655
9337  711
9338  767
9339  823
9340  259
9341  317
9342  374
9343  430
9344  486
9345  542
9346  597
9347  653
9348  709
9349  765
9350  821
9351  259
9352  317
9353  372
9354  429
9355  485
9356  540
9357  595
9358  650
9359  706
9360  762
9361  832
9362  251
9363  316
9364  372
9365  429
9366  484
9367  540
9368  596
9369  651
9370  707
9371  778
9372  834
9373  278
9374  336
9375  393
9376  449
9377  504
9378  561
9379  617
9380  673
9381  743
9382  799
9383  855
9384  320
9385  383
9386  440
9387  498
9388  553
9389  610
9390  681
9391  738
9392  794
9393  851
9394  907
9395  270
9396  328
9397  384
9398  440
9399  496
9400  551
9401  621
9402  677
9403  733
9404  789
9405  845
9406  269
9407  327
9408  385
9409  440
9410  496
9411  566
9412  622
9413  678
9414  734
9415  788
9416  845
9417  261
9418  332
9419  388
9420  444
9421  515
9422  571
9423  627
9424  684
9425  739
9426  794
9427  850
9428  281
9429  347
9430  403
9431  474
9432  530
9433  586
9434  643
9435  699
9436  754
9437  811
9438  867
9439  252
9440  309
9441  378
9442  436
9443  492
9444  548
9445  604
9446  660
9447  716
9448  772
9449  828
9450  262
9451  336
9452  393
9453  450
9454  506
9455  561
9456  617
9457  674
9458  730
9459  786
9460  842
9461  266
9462  333
9463  389
9464  446
9465  501
9466  557
9467  613
9468  669
9469  725
9470  781
9471  836
9472  271
9473  330
9474  386
9475  441
9476  497
9477  553
9478  609
9479  664
9480  720
9481  775
9482  832
9483  257
9484  333
9485  390
9486  446
9487  501
9488  557
9489  614
9490  670
9491  726
9492  782
9493  838
9494  252
9495  310
9496  366
9497  423
9498  479
9499  533
9500  590
9501  646
9502  702
9503  758
9504  814
9505  252
9506  311
9507  368
9508  424
9509  480
9510  535
9511  591
9512  648
9513  704
9514  761
9515  817
9516  268
9517  327
9518  383
9519  439
9520  494
9521  550
9522  606
9523  662
9524  717
9525  772
9526  828
9527  265
9528  335
9529  391
9530  448
9531  503
9532  559
9533  615
9534  671
9535  727
9536  783
9537  838
9538  256
9539  314
9540  370
9541  426
9542  482
9543  537
9544  594
9545  650
9546  705
9547  761
9548  817
9549  268
9550  325
9551  381
9552  437
9553  493
9554  549
9555  605
9556  662
9557  716
9558  772
9559  829
9560  304
9561  364
9562  421
9563  478
9564  534
9565  590
9566  647
9567  703
9568  759
9569  830
9570  887
9571  266
9572  325
9573  380
9574  437
9575  492
9576  548
9577  603
9578  659
9579  714
9580  785
9581  841
9582  276
9583  341
9584  397
9585  453
9586  509
9587  564
9588  620
9589  676
9590  746
9591  801
9592  857
9593  255
9594  314
9595  370
9596  426
9597  481
9598  536
9599  592
9600  660
9601  718
9602  773
9603  829
9604  303
9605  379
9606  436
9607  492
9608  549
9609  621
9610  679
9611  734
9612  790
9613  846
9614  903
9615  265
9616  324
9617  379
9618  436
9619  491
9620  561
9621  618
9622  674
9623  729
9624  785
9625  841
9626  247
9627  317
9628  373
9629  429
9630  498
9631  554
9632  610
9633  666
9634  722
9635  778
9636  834
9637  280
9638  339
9639  395
9640  465
9641  521
9642  577
9643  633
9644  688
9645  744
9646  800
9647  855
9648  280
9649  351
9650  425
9651  481
9652  538
9653  594
9654  649
9655  706
9656  763
9657  819
9658  875
9659  268
9660  342
9661  398
9662  454
9663  510
9664  565
9665  622
9666  678
9667  734
9668  790
9669  846
9670  276
9671  334
9672  391
9673  447
9674  502
9675  558
9676  614
9677  669
9678  726
9679  782
9680  837
9681  268
9682  327
9683  383
9684  439
9685  494
9686  550
9687  606
9688  661
9689  717
9690  773
9691  828
9692  256
9693  314
9694  370
9695  426
9696  481
9697  537
9698  592
9699  648
9700  704
9701  760
9702  815
9703  254
9704  313
9705  370
9706  425
9707  481
9708  536
9709  592
9710  648
9711  703
9712  760
9713  816
9714  265
9715  324
9716  380
9717  436
9718  491
9719  547
9720  601
9721  659
9722  715
9723  770
9724  826
9725  274
9726  332
9727  388
9728  444
9729  500
9730  556
9731  611
9732  667
9733  723
9734  779
9735  834
9736  256
9737  314
9738  370
9739  425
9740  481
9741  537
9742  592
9743  648
9744  703
9745  759
9746  816
9747  267
9748  337
9749  394
9750  450
9751  507
9752  561
9753  617
9754  673
9755  729
9756  785
9757  840
9758  269
9759  327
9760  382
9761  439
9762  495
9763  551
9764  606
9765  661
9766  716
9767  772
9768  828
9769  259
9770  317
9771  373
9772  430
9773  487
9774  542
9775  597
9776  652
9777  708
9778  765
9779  836
9780  260
9781  318
9782  374
9783  430
9784  486
9785  541
9786  596
9787  652
9788  707
9789  777
9790  833
9791  261
9792  318
9793  374
9794  429
9795  485
9796  540
9797  595
9798  651
9799  721
9800  777
9801  833
9802  270
9803  328
9804  384
9805  440
9806  496
9807  551
9808  607
9809  677
9810  733
9811  788
9812  843
9813  262
9814  320
9815  376
9816  433
9817  488
9818  544
9819  611
9820  670
9821  725
9822  781
9823  837
9824  301
9825  371
9826  428
9827  485
9828  554
9829  613
9830  669
9831  726
9832  782
9833  838
9834  895
9835  279
9836  338
9837  394
9838  450
9839  521
9840  576
9841  633
9842  688
9843  743
9844  799
9845  855
9846  260
9847  318
9848  374
9849  446
9850  502
9851  557
9852  613
9853  669
9854  724
9855  780
9856  836
9857  278
9858  336
9859  406
9860  463
9861  518
9862  573
9863  629
9864  686
9865  742
9866  796
9867  851
9868  254
9869  339
9870  396
9871  452
9872  508
9873  563
9874  619
9875  675
9876  730
9877  786
9878  842
9879  280
9880  341
9881  397
9882  454
9883  509
9884  565
9885  621
9886  676
9887  731
9888  788
9889  843
9890  284
9891  343
9892  400
9893  456
9894  512
9895  567
9896  623
9897  680
9898  735
9899  791
9900  847
9901  272
9902  331
9903  387
9904  443
9905  499
9906  555
9907  610
9908  666
9909  722
9910  778
9911  834
9912  256
9913  314
9914  370
9915  426
9916  482
9917  538
9918  593
9919  648
9920  704
9921  760
9922  816
9923  275
9924  334
9925  390
9926  446
9927  503
9928  559
9929  614
9930  670
9931  726
9932  782
9933  838
9934  274
9935  333
9936  389
9937  444
9938  500
9939  555
9940  611
9941  666
9942  721
9943  778
9944  833
9945  260
9946  318
9947  374
9948  430
9949  485
9950  541
9951  597
9952  653
9953  708
9954  764
9955  820
9956  251
9957  310
9958  366
9959  423
9960  478
9961  533
9962  589
9963  644
9964  699
9965  755
9966  811
9967  255
9968  326
9969  382
9970  438
9971  493
9972  550
9973  606
9974  661
9975  717
9976  773
9977  829
9978  260
9979  319
9980  375
9981  431
9982  487
9983  542
9984  598
9985  654
9986  709
9987  765
9988  836
9989  250
9990  309
9991  364
9992  420
9993  476
9994  531
9995  588
9996  644
9997  700
9998  769
9999  825
min: 231 mean: 553.948 max: 957 sdev: 181.174
