0  451
1  276
2  335
3  391
4  448
5  251
6  308
7  364
8  420
9  279
10  337
11  394
12  450
13  275
14  333
15  389
16  445
17  277
18  335
19  391
20  447
21  266
22  325
23  380
24  436
25  260
26  319
27  375
28  431
29  262
30  320
31  376
32  432
33  293
34  351
35  408
36  465
37  252
38  310
39  366
40  422
41  266
42  324
43  381
44  437
45  244
46  302
47  358
48  413
49  254
50  311
51  368
52  425
53  303
54  365
55  437
56  495
57  272
58  346
59  404
60  460
61  250
62  322
63  378
64  434
65  274
66  332
67  388
68  444
69  292
70  353
71  410
72  467
73  290
74  350
75  407
76  464
77  285
78  343
79  399
80  455
81  260
82  318
83  374
84  430
85  251
86  308
87  364
88  420
89  247
90  305
91  361
92  418
93  273
94  330
95  386
96  442
97  271
98  329
99  384
100  441
101  265
102  323
103  379
104  435
105  264
106  321
107  378
108  435
109  263
110  322
111  378
112  434
113  302
114  365
115  422
116  477
117  254
118  312
119  368
120  424
121  275
122  333
123  390
124  461
125  258
126  316
127  387
128  443
129  260
130  332
131  389
132  445
133  328
134  390
135  447
136  503
137  283
138  343
139  400
140  456
141  274
142  332
143  387
144  443
145  269
146  327
147  382
148  439
149  249
150  307
151  363
152  418
153  294
154  353
155  410
156  467
157  272
158  331
159  387
160  444
161  273
162  352
163  409
164  465
165  253
166  325
167  381
168  437
169  255
170  314
171  370
172  427
173  276
174  335
175  391
176  447
177  265
178  323
179  379
180  436
181  254
182  326
183  382
184  439
185  258
186  316
187  372
188  428
189  251
190  309
191  365
192  436
193  294
194  354
195  425
196  480
197  252
198  323
199  380
200  436
201  267
202  327
203  383
204  439
205  266
206  324
207  381
208  436
209  276
210  334
211  391
212  446
213  301
214  363
215  419
216  475
217  276
218  334
219  390
220  446
221  255
222  312
223  367
224  423
225  263
226  321
227  377
228  433
229  250
230  308
231  363
232  419
233  279
234  338
235  394
236  451
237  271
238  328
239  384
240  440
241  255
242  313
243  369
244  425
245  246
246  303
247  358
248  414
249  268
250  327
251  382
252  438
253  274
254  332
255  387
256  443
257  263
258  322
259  378
260  434
261  265
262  324
263  380
264  450
265  261
266  319
267  390
268  447
269  250
270  323
271  381
272  437
273  293
274  352
275  408
276  465
277  254
278  312
279  368
280  423
281  260
282  318
283  373
284  430
285  251
286  308
287  363
288  419
289  271
290  328
291  384
292  439
293  310
294  371
295  428
296  485
297  279
298  337
299  394
300  449
301  266
302  324
303  379
304  435
305  253
306  311
307  367
308  422
309  263
310  320
311  376
312  431
313  279
314  339
315  394
316  451
317  280
318  340
319  397
320  452
321  262
322  322
323  378
324  434
325  261
326  318
327  374
328  430
329  263
330  321
331  377
332  448
333  274
334  332
335  401
336  457
337  320
338  384
339  440
340  496
341  282
342  340
343  396
344  452
345  280
346  340
347  395
348  451
349  254
350  311
351  368
352  423
353  297
354  356
355  412
356  467
357  257
358  314
359  370
360  426
361  265
362  323
363  379
364  434
365  264
366  321
367  376
368  432
369  256
370  313
371  370
372  425
373  311
374  373
375  429
376  486
377  266
378  326
379  382
380  438
381  253
382  311
383  367
384  423
385  260
386  318
387  374
388  430
389  251
390  309
391  365
392  421
393  282
394  342
395  398
396  454
397  262
398  320
399  376
400  446
401  263
402  321
403  391
404  447
405  256
406  326
407  384
408  440
409  253
410  325
411  381
412  437
413  288
414  346
415  402
416  458
417  271
418  329
419  385
420  442
421  261
422  319
423  375
424  431
425  267
426  325
427  381
428  437
429  270
430  328
431  385
432  441
433  287
434  347
435  403
436  459
437  250
438  308
439  364
440  419
441  263
442  322
443  379
444  435
445  250
446  308
447  363
448  420
449  259
450  318
451  374
452  431
453  302
454  363
455  420
456  477
457  263
458  321
459  377
460  447
461  263
462  321
463  377
464  434
465  260
466  318
467  375
468  432
469  307
470  368
471  440
472  497
473  285
474  360
475  418
476  474
477  281
478  343
479  398
480  455
481  286
482  345
483  401
484  457
485  258
486  315
487  371
488  427
489  255
490  313
491  370
492  425
493  280
494  339
495  395
496  451
497  272
498  330
499  387
500  444
501  265
502  323
503  379
504  435
505  260
506  319
507  376
508  432
509  263
510  323
511  380
512  437
513  294
514  355
515  412
516  468
517  258
518  316
519  372
520  428
521  266
522  325
523  381
524  437
525  258
526  316
527  372
528  428
529  261
530  319
531  376
532  432
533  302
534  363
535  419
536  476
537  302
538  362
539  433
540  492
541  267
542  325
543  395
544  451
545  256
546  327
547  385
548  441
549  264
550  322
551  378
552  434
553  296
554  357
555  414
556  471
557  249
558  307
559  363
560  418
561  275
562  333
563  389
564  445
565  274
566  332
567  387
568  443
569  257
570  316
571  372
572  428
573  274
574  332
575  388
576  444
577  263
578  321
579  377
580  434
581  251
582  316
583  372
584  428
585  270
586  328
587  385
588  441
589  248
590  306
591  362
592  418
593  288
594  348
595  404
596  460
597  264
598  321
599  378
600  433
601  260
602  318
603  375
604  431
605  263
606  321
607  378
608  434
609  263
610  322
611  378
612  448
613  302
614  377
615  437
616  494
617  266
618  338
619  395
620  452
621  266
622  324
623  380
624  437
625  266
626  324
627  381
628  438
629  251
630  308
631  364
632  421
633  288
634  348
635  404
636  460
637  284
638  342
639  398
640  454
641  272
642  330
643  387
644  442
645  259
646  316
647  372
648  428
649  255
650  314
651  370
652  426
653  279
654  337
655  393
656  449
657  273
658  331
659  387
660  443
661  259
662  317
663  373
664  428
665  257
666  315
667  371
668  427
669  256
670  314
671  370
672  426
673  284
674  344
675  400
676  455
677  258
678  315
679  371
680  427
681  257
682  315
683  371
684  442
685  248
686  305
687  375
688  432
689  257
690  331
691  388
692  443
693  317
694  379
695  435
696  492
697  278
698  337
699  393
700  449
701  269
702  327
703  383
704  439
705  262
706  320
707  376
708  433
709  249
710  305
711  361
712  417
713  281
714  341
715  397
716  454
717  247
718  306
719  362
720  418
721  268
722  326
723  382
724  439
725  254
726  312
727  368
728  424
729  255
730  314
731  371
732  427
733  268
734  326
735  383
736  439
737  283
738  344
739  401
740  457
741  267
742  324
743  380
744  436
745  260
746  318
747  375
748  431
749  282
750  342
751  398
752  470
753  290
754  351
755  424
756  481
757  262
758  333
759  390
760  446
761  271
762  331
763  387
764  443
765  259
766  316
767  372
768  428
769  252
770  310
771  366
772  422
773  305
774  367
775  423
776  481
777  277
778  336
779  391
780  447
781  252
782  310
783  365
784  422
785  259
786  317
787  373
788  430
789  248
790  306
791  362
792  418
793  276
794  335
795  392
796  448
797  270
798  329
799  385
800  441
801  257
802  316
803  373
804  429
805  248
806  305
807  362
808  418
809  253
810  311
811  367
812  424
813  250
814  315
815  371
816  426
817  275
818  334
819  390
820  459
821  266
822  324
823  380
824  450
825  260
826  319
827  390
828  446
829  255
830  327
831  384
832  440
833  301
834  361
835  418
836  474
837  253
838  311
839  368
840  424
841  263
842  321
843  378
844  434
845  254
846  312
847  368
848  424
849  275
850  333
851  389
852  445
853  302
854  364
855  421
856  478
857  266
858  325
859  381
860  438
861  252
862  310
863  365
864  422
865  260
866  318
867  375
868  431
869  301
870  363
871  420
872  477
873  295
874  356
875  413
876  469
877  267
878  325
879  381
880  437
881  257
882  316
883  372
884  429
885  266
886  324
887  380
888  436
889  255
890  313
891  369
892  441
893  285
894  355
895  414
896  471
897  258
898  333
899  390
900  446
901  268
902  327
903  383
904  440
905  262
906  321
907  377
908  433
909  255
910  314
911  371
912  427
913  291
914  352
915  408
916  465
917  287
918  345
919  400
920  457
921  261
922  319
923  376
924  432
925  249
926  307
927  363
928  419
929  258
930  316
931  373
932  429
933  313
934  375
935  432
936  488
937  287
938  348
939  405
940  461
941  270
942  328
943  383
944  440
945  266
946  324
947  380
948  437
949  249
950  307
951  363
952  419
953  282
954  343
955  399
956  456
957  286
958  347
959  416
960  474
961  272
962  330
963  401
964  458
965  253
966  327
967  383
968  439
969  266
970  326
971  382
972  439
973  282
974  340
975  396
976  452
977  263
978  322
979  379
980  434
981  258
982  316
983  372
984  427
985  276
986  334
987  390
988  445
989  260
990  318
991  374
992  430
993  286
994  345
995  401
996  458
997  250
998  308
999  363
1000  419
1001  268
1002  326
1003  382
1004  438
1005  264
1006  321
1007  377
1008  432
1009  254
1010  312
1011  367
1012  423
1013  312
1014  373
1015  430
1016  486
1017  272
1018  331
1019  387
1020  443
1021  256
1022  314
1023  369
1024  425
1025  267
1026  324
1027  380
1028  436
1029  250
1030  308
1031  363
1032  432
1033  279
1034  339
1035  409
1036  466
1037  269
1038  342
1039  399
1040  455
1041  281
1042  340
1043  396
1044  453
1045  261
1046  319
1047  375
1048  431
1049  252
1050  310
1051  367
1052  423
1053  272
1054  331
1055  387
1056  443
1057  275
1058  334
1059  390
1060  446
1061  246
1062  304
1063  361
1064  416
1065  254
1066  313
1067  369
1068  426
1069  256
1070  315
1071  371
1072  428
1073  276
1074  336
1075  393
1076  449
1077  255
1078  312
1079  368
1080  424
1081  255
1082  313
1083  370
1084  426
1085  242
1086  299
1087  356
1088  413
1089  260
1090  319
1091  375
1092  431
1093  301
1094  376
1095  477
1096  534
1097  265
1098  324
1099  380
1100  436
1101  261
1102  363
1103  435
1104  491
1105  270
1106  327
1107  398
1108  454
1109  338
1110  428
1111  484
1112  541
1113  283
1114  342
1115  398
1116  464
1117  294
1118  390
1119  446
1120  502
1121  264
1122  322
1123  388
1124  453
1125  295
1126  356
1127  412
1128  469
1129  267
1130  345
1131  402
1132  458
1133  278
1134  338
1135  394
1136  450
1137  309
1138  371
1139  429
1140  485
1141  255
1142  314
1143  370
1144  427
1145  260
1146  318
1147  375
1148  431
1149  267
1150  326
1151  382
1152  439
1153  273
1154  332
1155  388
1156  444
1157  257
1158  316
1159  372
1160  427
1161  256
1162  313
1163  369
1164  426
1165  255
1166  312
1167  369
1168  425
1169  258
1170  316
1171  373
1172  429
1173  298
1174  361
1175  435
1176  492
1177  277
1178  351
1179  408
1180  465
1181  284
1182  343
1183  399
1184  454
1185  266
1186  322
1187  379
1188  435
1189  275
1190  334
1191  391
1192  448
1193  260
1194  319
1195  375
1196  431
1197  282
1198  340
1199  396
1200  452
1201  265
1202  324
1203  380
1204  436
1205  259
1206  317
1207  373
1208  429
1209  257
1210  315
1211  371
1212  427
1213  279
1214  337
1215  393
1216  449
1217  259
1218  324
1219  381
1220  437
1221  270
1222  327
1223  383
1224  440
1225  252
1226  310
1227  366
1228  422
1229  263
1230  323
1231  379
1232  436
1233  268
1234  328
1235  384
1236  440
1237  269
1238  326
1239  382
1240  438
1241  266
1242  324
1243  380
1244  449
1245  256
1246  314
1247  370
1248  440
1249  253
1250  311
1251  381
1252  437
1253  319
1254  382
1255  439
1256  496
1257  262
1258  320
1259  376
1260  432
1261  259
1262  317
1263  373
1264  429
1265  253
1266  310
1267  366
1268  422
1269  321
1270  383
1271  440
1272  497
1273  273
1274  331
1275  387
1276  443
1277  286
1278  345
1279  402
1280  458
1281  259
1282  318
1283  373
1284  429
1285  262
1286  319
1287  375
1288  431
1289  258
1290  316
1291  372
1292  428
1293  284
1294  343
1295  400
1296  456
1297  263
1298  322
1299  379
1300  434
1301  258
1302  316
1303  372
1304  428
1305  250
1306  309
1307  365
1308  421
1309  288
1310  348
1311  405
1312  478
1313  265
1314  324
1315  396
1316  452
1317  263
1318  334
1319  391
1320  447
1321  254
1322  325
1323  381
1324  437
1325  281
1326  339
1327  395
1328  451
1329  250
1330  307
1331  363
1332  418
1333  311
1334  372
1335  429
1336  485
1337  299
1338  360
1339  416
1340  473
1341  270
1342  328
1343  384
1344  439
1345  250
1346  308
1347  364
1348  421
1349  284
1350  345
1351  401
1352  458
1353  274
1354  333
1355  389
1356  445
1357  255
1358  313
1359  369
1360  426
1361  262
1362  320
1363  376
1364  432
1365  261
1366  319
1367  375
1368  432
1369  260
1370  318
1371  374
1372  430
1373  275
1374  334
1375  391
1376  447
1377  277
1378  334
1379  390
1380  459
1381  266
1382  324
1383  392
1384  450
1385  253
1386  311
1387  381
1388  437
1389  295
1390  356
1391  413
1392  468
1393  291
1394  349
1395  405
1396  460
1397  248
1398  307
1399  362
1400  418
1401  248
1402  306
1403  361
1404  418
1405  261
1406  319
1407  375
1408  431
1409  274
1410  332
1411  388
1412  444
1413  306
1414  366
1415  423
1416  479
1417  259
1418  317
1419  374
1420  430
1421  257
1422  315
1423  371
1424  427
1425  251
1426  309
1427  365
1428  421
1429  283
1430  343
1431  399
1432  455
1433  263
1434  321
1435  377
1436  433
1437  276
1438  335
1439  392
1440  448
1441  255
1442  313
1443  369
1444  426
1445  255
1446  313
1447  370
1448  426
1449  251
1450  309
1451  365
1452  436
1453  275
1454  334
1455  404
1456  461
1457  267
1458  340
1459  398
1460  453
1461  271
1462  331
1463  387
1464  443
1465  275
1466  332
1467  389
1468  445
1469  284
1470  343
1471  399
1472  456
1473  262
1474  321
1475  378
1476  434
1477  259
1478  317
1479  374
1480  430
1481  250
1482  308
1483  364
1484  420
1485  252
1486  310
1487  367
1488  423
1489  249
1490  306
1491  363
1492  419
1493  306
1494  368
1495  426
1496  483
1497  257
1498  316
1499  372
1500  429
1501  304
1502  366
1503  423
1504  479
1505  267
1506  326
1507  382
1508  438
1509  283
1510  343
1511  400
1512  457
1513  254
1514  312
1515  369
1516  425
1517  281
1518  339
1519  396
1520  468
1521  291
1522  364
1523  423
1524  479
1525  259
1526  332
1527  389
1528  446
1529  277
1530  336
1531  393
1532  449
1533  306
1534  366
1535  422
1536  479
1537  263
1538  329
1539  385
1540  442
1541  260
1542  319
1543  375
1544  431
1545  246
1546  303
1547  359
1548  416
1549  269
1550  329
1551  386
1552  442
1553  266
1554  324
1555  381
1556  436
1557  254
1558  312
1559  369
1560  425
1561  259
1562  317
1563  373
1564  429
1565  253
1566  311
1567  367
1568  424
1569  249
1570  307
1571  363
1572  420
1573  305
1574  367
1575  424
1576  482
1577  269
1578  327
1579  383
1580  439
1581  261
1582  320
1583  375
1584  432
1585  249
1586  308
1587  364
1588  432
1589  279
1590  338
1591  410
1592  467
1593  264
1594  335
1595  392
1596  448
1597  297
1598  357
1599  413
1600  470
1601  266
1602  324
1603  380
1604  436
1605  257
1606  316
1607  372
1608  428
1609  258
1610  316
1611  372
1612  428
1613  297
1614  356
1615  413
1616  469
1617  272
1618  331
1619  388
1620  444
1621  258
1622  316
1623  373
1624  430
1625  251
1626  309
1627  365
1628  422
1629  278
1630  337
1631  394
1632  451
1633  268
1634  327
1635  383
1636  439
1637  270
1638  329
1639  385
1640  442
1641  263
1642  320
1643  377
1644  433
1645  256
1646  314
1647  371
1648  427
1649  257
1650  315
1651  371
1652  427
1653  316
1654  378
1655  435
1656  509
1657  260
1658  319
1659  375
1660  446
1661  256
1662  314
1663  385
1664  441
1665  259
1666  331
1667  387
1668  444
1669  332
1670  394
1671  451
1672  507
1673  267
1674  325
1675  381
1676  437
1677  278
1678  336
1679  392
1680  448
1681  273
1682  330
1683  386
1684  441
1685  252
1686  309
1687  365
1688  422
1689  259
1690  317
1691  373
1692  429
1693  263
1694  321
1695  377
1696  433
1697  264
1698  322
1699  378
1700  434
1701  267
1702  324
1703  381
1704  437
1705  251
1706  309
1707  365
1708  420
1709  290
1710  350
1711  406
1712  463
1713  267
1714  326
1715  381
1716  437
1717  275
1718  333
1719  389
1720  445
1721  256
1722  314
1723  370
1724  426
1725  259
1726  316
1727  372
1728  441
1729  251
1730  308
1731  377
1732  435
1733  348
1734  411
1735  468
1736  524
1737  280
1738  338
1739  394
1740  450
1741  259
1742  318
1743  375
1744  430
1745  254
1746  312
1747  368
1748  424
1749  271
1750  338
1751  395
1752  451
1753  265
1754  324
1755  380
1756  436
1757  295
1758  355
1759  411
1760  467
1761  257
1762  315
1763  371
1764  428
1765  259
1766  317
1767  372
1768  428
1769  259
1770  317
1771  372
1772  429
1773  272
1774  330
1775  386
1776  442
1777  270
1778  328
1779  385
1780  440
1781  257
1782  314
1783  371
1784  427
1785  252
1786  310
1787  366
1788  423
1789  287
1790  346
1791  403
1792  459
1793  261
1794  319
1795  375
1796  445
1797  254
1798  312
1799  383
1800  440
1801  249
1802  307
1803  377
1804  433
1805  253
1806  325
1807  381
1808  438
1809  270
1810  327
1811  383
1812  439
1813  299
1814  360
1815  417
1816  474
1817  259
1818  319
1819  375
1820  431
1821  263
1822  322
1823  377
1824  433
1825  253
1826  310
1827  367
1828  422
1829  278
1830  338
1831  394
1832  451
1833  259
1834  317
1835  373
1836  430
1837  253
1838  312
1839  368
1840  424
1841  258
1842  317
1843  373
1844  429
1845  259
1846  317
1847  373
1848  429
1849  251
1850  310
1851  366
1852  422
1853  273
1854  331
1855  388
1856  444
1857  268
1858  327
1859  384
1860  439
1861  259
1862  317
1863  374
1864  430
1865  249
1866  307
1867  364
1868  433
1869  285
1870  344
1871  416
1872  473
1873  265
1874  339
1875  396
1876  451
1877  277
1878  335
1879  391
1880  447
1881  266
1882  324
1883  380
1884  437
1885  251
1886  309
1887  365
1888  422
1889  247
1890  304
1891  362
1892  418
1893  317
1894  378
1895  435
1896  492
1897  255
1898  313
1899  370
1900  427
1901  277
1902  336
1903  393
1904  449
1905  269
1906  327
1907  384
1908  440
1909  289
1910  349
1911  405
1912  462
1913  257
1914  315
1915  371
1916  428
1917  282
1918  342
1919  399
1920  455
1921  272
1922  330
1923  387
1924  443
1925  270
1926  328
1927  384
1928  440
1929  260
1930  318
1931  374
1932  430
1933  307
1934  369
1935  441
1936  499
1937  271
1938  330
1939  403
1940  458
1941  262
1942  334
1943  391
1944  447
1945  267
1946  325
1947  382
1948  438
1949  275
1950  333
1951  390
1952  448
1953  263
1954  321
1955  378
1956  434
1957  253
1958  312
1959  368
1960  425
1961  260
1962  317
1963  373
1964  430
1965  261
1966  319
1967  376
1968  433
1969  261
1970  319
1971  374
1972  431
1973  306
1974  368
1975  425
1976  482
1977  258
1978  316
1979  373
1980  429
1981  272
1982  331
1983  387
1984  444
1985  257
1986  315
1987  372
1988  429
1989  266
1990  324
1991  380
1992  436
1993  253
1994  311
1995  367
1996  423
1997  273
1998  332
1999  388
2000  444
2001  255
2002  313
2003  369
2004  425
2005  266
2006  325
2007  381
2008  452
2009  287
2010  346
2011  417
2012  473
2013  262
2014  334
2015  391
2016  447
2017  268
2018  328
2019  383
2020  440
2021  278
2022  337
2023  393
2024  449
2025  279
2026  338
2027  394
2028  450
2029  273
2030  331
2031  387
2032  442
2033  262
2034  320
2035  376
2036  431
2037  286
2038  344
2039  400
2040  456
2041  266
2042  323
2043  379
2044  435
2045  270
2046  330
2047  386
2048  441
2049  251
2050  308
2051  363
2052  419
2053  263
2054  320
2055  376
2056  432
2057  252
2058  309
2059  365
2060  421
2061  256
2062  313
2063  369
2064  424
2065  300
2066  361
2067  417
2068  473
2069  278
2070  337
2071  393
2072  448
2073  259
2074  316
2075  372
2076  428
2077  307
2078  368
2079  439
2080  496
2081  264
2082  337
2083  393
2084  449
2085  278
2086  338
2087  394
2088  450
2089  279
2090  335
2091  392
2092  447
2093  266
2094  325
2095  381
2096  437
2097  263
2098  320
2099  376
2100  432
2101  259
2102  317
2103  373
2104  429
2105  270
2106  329
2107  385
2108  440
2109  259
2110  318
2111  374
2112  430
2113  263
2114  320
2115  376
2116  431
2117  275
2118  334
2119  390
2120  446
2121  277
2122  336
2123  392
2124  448
2125  279
2126  338
2127  395
2128  450
2129  272
2130  329
2131  384
2132  440
2133  253
2134  311
2135  367
2136  422
2137  249
2138  306
2139  361
2140  417
2141  268
2142  327
2143  383
2144  439
2145  312
2146  373
2147  445
2148  503
2149  266
2150  325
2151  395
2152  451
2153  290
2154  347
2155  403
2156  457
2157  287
2158  346
2159  402
2160  458
2161  253
2162  311
2163  367
2164  422
2165  277
2166  337
2167  393
2168  449
2169  280
2170  340
2171  396
2172  453
2173  267
2174  326
2175  382
2176  439
2177  259
2178  316
2179  373
2180  429
2181  265
2182  323
2183  380
2184  436
2185  277
2186  336
2187  392
2188  448
2189  264
2190  322
2191  378
2192  434
2193  260
2194  318
2195  374
2196  430
2197  277
2198  336
2199  392
2200  448
2201  261
2202  318
2203  374
2204  430
2205  268
2206  328
2207  383
2208  439
2209  261
2210  317
2211  374
2212  430
2213  260
2214  317
2215  373
2216  441
2217  248
2218  305
2219  361
2220  431
2221  257
2222  315
2223  385
2224  441
2225  315
2226  377
2227  434
2228  490
2229  270
2230  328
2231  384
2232  440
2233  253
2234  310
2235  366
2236  422
2237  281
2238  341
2239  398
2240  454
2241  270
2242  327
2243  384
2244  439
2245  270
2246  329
2247  385
2248  441
2249  266
2250  323
2251  379
2252  435
2253  268
2254  327
2255  383
2256  439
2257  260
2258  317
2259  373
2260  428
2261  260
2262  319
2263  375
2264  431
2265  260
2266  318
2267  375
2268  431
2269  274
2270  333
2271  388
2272  445
2273  274
2274  332
2275  388
2276  443
2277  282
2278  341
2279  397
2280  453
2281  260
2282  318
2283  374
2284  431
2285  274
2286  333
2287  402
2288  460
2289  252
2290  309
2291  379
2292  435
2293  256
2294  328
2295  384
2296  440
2297  274
2298  331
2299  387
2300  443
2301  263
2302  321
2303  377
2304  433
2305  297
2306  357
2307  414
2308  471
2309  271
2310  330
2311  386
2312  442
2313  264
2314  321
2315  377
2316  433
2317  273
2318  332
2319  387
2320  443
2321  248
2322  304
2323  360
2324  416
2325  258
2326  323
2327  378
2328  434
2329  257
2330  316
2331  372
2332  429
2333  262
2334  320
2335  375
2336  431
2337  253
2338  309
2339  365
2340  421
2341  255
2342  313
2343  369
2344  425
2345  300
2346  360
2347  416
2348  472
2349  268
2350  326
2351  381
2352  437
2353  258
2354  322
2355  378
2356  448
2357  277
2358  336
2359  414
2360  471
2361  256
2362  328
2363  385
2364  441
2365  280
2366  339
2367  394
2368  451
2369  258
2370  315
2371  370
2372  426
2373  254
2374  311
2375  367
2376  423
2377  264
2378  321
2379  377
2380  432
2381  276
2382  334
2383  389
2384  445
2385  299
2386  360
2387  417
2388  473
2389  269
2390  327
2391  383
2392  439
2393  261
2394  318
2395  373
2396  428
2397  273
2398  331
2399  387
2400  443
2401  252
2402  309
2403  365
2404  420
2405  280
2406  340
2407  395
2408  451
2409  274
2410  332
2411  388
2412  443
2413  266
2414  324
2415  380
2416  436
2417  248
2418  305
2419  361
2420  416
2421  261
2422  318
2423  375
2424  444
2425  273
2426  332
2427  402
2428  458
2429  280
2430  353
2431  410
2432  466
2433  268
2434  327
2435  383
2436  439
2437  291
2438  349
2439  405
2440  462
2441  259
2442  317
2443  372
2444  426
2445  266
2446  324
2447  380
2448  436
2449  251
2450  307
2451  363
2452  419
2453  264
2454  322
2455  378
2456  434
2457  250
2458  307
2459  363
2460  419
2461  267
2462  324
2463  380
2464  436
2465  302
2466  363
2467  419
2468  475
2469  277
2470  335
2471  392
2472  448
2473  259
2474  314
2475  372
2476  427
2477  310
2478  371
2479  427
2480  483
2481  266
2482  324
2483  379
2484  435
2485  267
2486  324
2487  380
2488  436
2489  273
2490  331
2491  387
2492  457
2493  268
2494  325
2495  396
2496  452
2497  257
2498  328
2499  384
2500  440
2501  270
2502  330
2503  385
2504  441
2505  282
2506  340
2507  396
2508  451
2509  262
2510  321
2511  377
2512  433
2513  258
2514  315
2515  371
2516  426
2517  305
2518  364
2519  420
2520  476
2521  263
2522  320
2523  376
2524  432
2525  282
2526  341
2527  396
2528  452
2529  260
2530  316
2531  372
2532  427
2533  256
2534  313
2535  369
2536  425
2537  250
2538  308
2539  363
2540  419
2541  262
2542  319
2543  376
2544  432
2545  315
2546  377
2547  434
2548  489
2549  273
2550  331
2551  387
2552  443
2553  267
2554  324
2555  380
2556  436
2557  277
2558  336
2559  392
2560  463
2561  254
2562  311
2563  381
2564  437
2565  271
2566  345
2567  401
2568  457
2569  278
2570  336
2571  392
2572  448
2573  266
2574  324
2575  381
2576  437
2577  257
2578  315
2579  371
2580  427
2581  269
2582  328
2583  384
2584  441
2585  269
2586  328
2587  384
2588  440
2589  271
2590  330
2591  387
2592  444
2593  257
2594  314
2595  370
2596  427
2597  272
2598  331
2599  387
2600  444
2601  259
2602  317
2603  374
2604  430
2605  269
2606  329
2607  385
2608  442
2609  244
2610  302
2611  358
2612  415
2613  271
2614  330
2615  386
2616  442
2617  262
2618  321
2619  377
2620  433
2621  263
2622  321
2623  378
2624  435
2625  293
2626  355
2627  413
2628  469
2629  266
2630  325
2631  382
2632  453
2633  258
2634  316
2635  387
2636  444
2637  284
2638  357
2639  414
2640  471
2641  265
2642  323
2643  379
2644  435
2645  276
2646  336
2647  392
2648  449
2649  270
2650  330
2651  386
2652  443
2653  259
2654  318
2655  374
2656  431
2657  266
2658  324
2659  380
2660  437
2661  259
2662  318
2663  375
2664  432
2665  279
2666  338
2667  395
2668  470
2669  282
2670  341
2671  397
2672  454
2673  262
2674  320
2675  396
2676  454
2677  274
2678  333
2679  390
2680  447
2681  272
2682  340
2683  396
2684  453
2685  277
2686  337
2687  393
2688  450
2689  263
2690  321
2691  377
2692  433
2693  266
2694  324
2695  381
2696  438
2697  258
2698  316
2699  373
2700  429
2701  257
2702  316
2703  373
2704  445
2705  309
2706  386
2707  443
2708  500
2709  275
2710  334
2711  390
2712  447
2713  280
2714  338
2715  395
2716  451
2717  277
2718  336
2719  393
2720  450
2721  257
2722  324
2723  380
2724  437
2725  283
2726  341
2727  398
2728  454
2729  273
2730  331
2731  387
2732  443
2733  264
2734  323
2735  379
2736  435
2737  261
2738  319
2739  376
2740  433
2741  274
2742  332
2743  389
2744  445
2745  295
2746  355
2747  411
2748  467
2749  277
2750  335
2751  392
2752  447
2753  267
2754  325
2755  381
2756  436
2757  277
2758  336
2759  392
2760  448
2761  254
2762  312
2763  368
2764  424
2765  277
2766  335
2767  391
2768  460
2769  252
2770  309
2771  365
2772  437
2773  255
2774  312
2775  382
2776  439
2777  250
2778  322
2779  379
2780  436
2781  277
2782  336
2783  392
2784  449
2785  304
2786  365
2787  422
2788  478
2789  272
2790  331
2791  386
2792  442
2793  254
2794  312
2795  368
2796  423
2797  272
2798  330
2799  387
2800  443
2801  261
2802  319
2803  374
2804  430
2805  282
2806  342
2807  397
2808  453
2809  285
2810  343
2811  400
2812  456
2813  252
2814  310
2815  366
2816  421
2817  250
2818  307
2819  362
2820  418
2821  266
2822  324
2823  380
2824  436
2825  267
2826  326
2827  382
2828  438
2829  275
2830  333
2831  390
2832  445
2833  252
2834  309
2835  365
2836  421
2837  281
2838  340
2839  396
2840  468
2841  268
2842  325
2843  396
2844  453
2845  273
2846  346
2847  402
2848  458
2849  265
2850  324
2851  380
2852  436
2853  270
2854  328
2855  384
2856  440
2857  255
2858  312
2859  369
2860  424
2861  278
2862  341
2863  397
2864  453
2865  317
2866  378
2867  435
2868  490
2869  272
2870  330
2871  386
2872  442
2873  254
2874  312
2875  367
2876  423
2877  308
2878  370
2879  427
2880  483
2881  270
2882  328
2883  384
2884  440
2885  272
2886  329
2887  385
2888  441
2889  268
2890  325
2891  381
2892  437
2893  269
2894  327
2895  383
2896  439
2897  276
2898  334
2899  389
2900  445
2901  265
2902  323
2903  378
2904  435
2905  263
2906  320
2907  376
2908  448
2909  269
2910  328
2911  399
2912  455
2913  262
2914  336
2915  392
2916  447
2917  300
2918  361
2919  418
2920  475
2921  261
2922  319
2923  375
2924  431
2925  295
2926  354
2927  411
2928  466
2929  266
2930  325
2931  381
2932  437
2933  276
2934  334
2935  389
2936  445
2937  250
2938  307
2939  363
2940  419
2941  314
2942  376
2943  433
2944  490
2945  277
2946  337
2947  393
2948  449
2949  282
2950  339
2951  395
2952  451
2953  268
2954  325
2955  381
2956  437
2957  277
2958  336
2959  393
2960  450
2961  274
2962  333
2963  390
2964  446
2965  269
2966  327
2967  383
2968  440
2969  279
2970  338
2971  394
2972  466
2973  255
2974  314
2975  370
2976  441
2977  262
2978  320
2979  389
2980  445
2981  269
2982  342
2983  398
2984  455
2985  278
2986  336
2987  392
2988  449
2989  270
2990  329
2991  385
2992  441
2993  249
2994  306
2995  362
2996  418
2997  270
2998  328
2999  385
3000  441
3001  270
3002  326
3003  382
3004  437
3005  277
3006  335
3007  391
3008  447
3009  259
3010  317
3011  372
3012  428
3013  271
3014  329
3015  385
3016  441
3017  264
3018  321
3019  376
3020  432
3021  322
3022  384
3023  442
3024  499
3025  259
3026  317
3027  372
3028  428
3029  259
3030  318
3031  373
3032  429
3033  262
3034  320
3035  375
3036  431
3037  277
3038  336
3039  392
3040  449
3041  262
3042  320
3043  376
3044  447
3045  266
3046  324
3047  394
3048  451
3049  265
3050  338
3051  395
3052  450
3053  275
3054  334
3055  390
3056  446
3057  269
3058  327
3059  382
3060  438
3061  274
3062  330
3063  386
3064  442
3065  264
3066  322
3067  378
3068  433
3069  274
3070  332
3071  388
3072  443
3073  256
3074  313
3075  369
3076  424
3077  271
3078  328
3079  384
3080  441
3081  260
3082  319
3083  374
3084  430
3085  265
3086  323
3087  379
3088  434
3089  249
3090  307
3091  363
3092  418
3093  269
3094  326
3095  382
3096  437
3097  263
3098  321
3099  377
3100  433
3101  307
3102  367
3103  423
3104  480
3105  262
3106  319
3107  375
3108  430
3109  268
3110  326
3111  382
3112  438
3113  262
3114  321
3115  378
3116  447
3117  270
3118  329
3119  400
3120  456
3121  272
3122  347
3123  403
3124  459
3125  294
3126  353
3127  408
3128  465
3129  282
3130  341
3131  396
3132  452
3133  259
3134  318
3135  373
3136  429
3137  251
3138  309
3139  364
3140  420
3141  275
3142  333
3143  389
3144  445
3145  310
3146  372
3147  429
3148  485
3149  263
3150  329
3151  384
3152  440
3153  273
3154  332
3155  388
3156  443
3157  276
3158  334
3159  391
3160  447
3161  249
3162  306
3163  362
3164  418
3165  273
3166  331
3167  387
3168  443
3169  250
3170  307
3171  362
3172  418
3173  258
3174  316
3175  371
3176  428
3177  252
3178  310
3179  366
3180  422
3181  320
3182  382
3183  454
3184  512
3185  267
3186  325
3187  395
3188  451
3189  264
3190  336
3191  392
3192  448
3193  267
3194  324
3195  380
3196  436
3197  268
3198  327
3199  383
3200  439
3201  262
3202  321
3203  376
3204  432
3205  274
3206  332
3207  389
3208  445
3209  264
3210  321
3211  378
3212  433
3213  260
3214  317
3215  373
3216  429
3217  248
3218  305
3219  362
3220  417
3221  265
3222  323
3223  379
3224  435
3225  265
3226  324
3227  380
3228  436
3229  272
3230  330
3231  386
3232  442
3233  255
3234  313
3235  370
3236  425
3237  270
3238  328
3239  385
3240  442
3241  265
3242  323
3243  378
3244  435
3245  271
3246  328
3247  384
3248  440
3249  251
3250  308
3251  364
3252  420
3253  261
3254  319
3255  375
3256  446
3257  257
3258  314
3259  384
3260  441
3261  325
3262  388
3263  445
3264  502
3265  281
3266  340
3267  396
3268  452
3269  267
3270  326
3271  382
3272  438
3273  255
3274  312
3275  368
3276  424
3277  320
3278  382
3279  439
3280  496
3281  271
3282  330
3283  385
3284  441
3285  263
3286  320
3287  376
3288  433
3289  271
3290  329
3291  385
3292  441
3293  257
3294  316
3295  371
3296  428
3297  265
3298  322
3299  378
3300  434
3301  265
3302  323
3303  379
3304  435
3305  259
3306  317
3307  373
3308  429
3309  263
3310  322
3311  378
3312  434
3313  257
3314  314
3315  370
3316  426
3317  283
3318  344
3319  401
3320  471
3321  265
3322  323
3323  381
3324  451
3325  272
3326  343
3327  401
3328  458
3329  269
3330  342
3331  398
3332  455
3333  271
3334  329
3335  385
3336  441
3337  251
3338  308
3339  365
3340  421
3341  305
3342  367
3343  424
3344  481
3345  304
3346  364
3347  420
3348  476
3349  285
3350  343
3351  398
3352  455
3353  266
3354  323
3355  379
3356  435
3357  270
3358  329
3359  385
3360  441
3361  267
3362  326
3363  383
3364  439
3365  263
3366  321
3367  377
3368  433
3369  266
3370  325
3371  381
3372  437
3373  267
3374  324
3375  380
3376  436
3377  262
3378  319
3379  375
3380  431
3381  261
3382  319
3383  375
3384  431
3385  267
3386  325
3387  381
3388  436
3389  264
3390  322
3391  378
3392  448
3393  258
3394  315
3395  386
3396  442
3397  273
3398  347
3399  403
3400  460
3401  274
3402  332
3403  388
3404  444
3405  277
3406  335
3407  391
3408  447
3409  249
3410  306
3411  361
3412  417
3413  279
3414  337
3415  393
3416  449
3417  265
3418  322
3419  378
3420  434
3421  301
3422  362
3423  418
3424  475
3425  266
3426  323
3427  379
3428  434
3429  261
3430  318
3431  373
3432  429
3433  273
3434  330
3435  386
3436  442
3437  274
3438  333
3439  389
3440  445
3441  263
3442  321
3443  376
3444  432
3445  283
3446  342
3447  399
3448  456
3449  263
3450  321
3451  377
3452  433
3453  259
3454  317
3455  373
3456  429
3457  258
3458  316
3459  372
3460  443
3461  274
3462  333
3463  404
3464  461
3465  263
3466  337
3467  393
3468  449
3469  287
3470  346
3471  402
3472  458
3473  273
3474  330
3475  386
3476  443
3477  277
3478  335
3479  392
3480  448
3481  253
3482  311
3483  367
3484  423
3485  271
3486  330
3487  386
3488  443
3489  254
3490  311
3491  367
3492  422
3493  269
3494  326
3495  382
3496  438
3497  254
3498  312
3499  368
3500  424
3501  308
3502  369
3503  426
3504  483
3505  259
3506  317
3507  374
3508  430
3509  260
3510  318
3511  374
3512  430
3513  269
3514  328
3515  384
3516  440
3517  279
3518  338
3519  394
3520  451
3521  257
3522  316
3523  371
3524  427
3525  264
3526  323
3527  380
3528  448
3529  273
3530  334
3531  403
3532  461
3533  267
3534  326
3535  396
3536  452
3537  253
3538  326
3539  382
3540  439
3541  279
3542  338
3543  395
3544  452
3545  293
3546  354
3547  410
3548  465
3549  262
3550  328
3551  384
3552  440
3553  261
3554  319
3555  375
3556  431
3557  287
3558  347
3559  404
3560  460
3561  263
3562  322
3563  379
3564  434
3565  257
3566  316
3567  373
3568  429
3569  252
3570  310
3571  367
3572  423
3573  256
3574  315
3575  371
3576  427
3577  253
3578  311
3579  367
3580  424
3581  307
3582  369
3583  426
3584  483
3585  265
3586  323
3587  379
3588  435
3589  259
3590  317
3591  373
3592  430
3593  253
3594  311
3595  366
3596  423
3597  275
3598  334
3599  392
3600  463
3601  262
3602  320
3603  392
3604  449
3605  306
3606  366
3607  424
3608  480
3609  272
3610  330
3611  387
3612  444
3613  258
3614  317
3615  374
3616  431
3617  251
3618  308
3619  365
3620  421
3621  265
3622  324
3623  380
3624  437
3625  286
3626  347
3627  404
3628  460
3629  265
3630  325
3631  381
3632  437
3633  257
3634  317
3635  374
3636  430
3637  267
3638  327
3639  384
3640  441
3641  275
3642  334
3643  390
3644  447
3645  280
3646  339
3647  396
3648  453
3649  252
3650  311
3651  367
3652  424
3653  263
3654  321
3655  378
3656  435
3657  250
3658  308
3659  365
3660  422
3661  307
3662  369
3663  426
3664  484
3665  258
3666  316
3667  373
3668  445
3669  264
3670  322
3671  397
3672  454
3673  252
3674  321
3675  379
3676  437
3677  319
3678  382
3679  440
3680  497
3681  273
3682  332
3683  388
3684  444
3685  266
3686  323
3687  380
3688  436
3689  263
3690  321
3691  376
3692  432
3693  277
3694  335
3695  391
3696  447
3697  263
3698  320
3699  376
3700  432
3701  278
3702  337
3703  393
3704  449
3705  283
3706  343
3707  399
3708  455
3709  270
3710  328
3711  385
3712  441
3713  265
3714  324
3715  380
3716  436
3717  293
3718  353
3719  410
3720  466
3721  272
3722  332
3723  387
3724  443
3725  258
3726  317
3727  374
3728  431
3729  259
3730  317
3731  374
3732  430
3733  254
3734  313
3735  370
3736  439
3737  269
3738  327
3739  398
3740  455
3741  300
3742  377
3743  435
3744  492
3745  310
3746  371
3747  428
3748  484
3749  281
3750  341
3751  397
3752  453
3753  267
3754  325
3755  381
3756  436
3757  266
3758  324
3759  381
3760  437
3761  268
3762  326
3763  382
3764  438
3765  284
3766  343
3767  400
3768  456
3769  257
3770  315
3771  371
3772  427
3773  274
3774  332
3775  388
3776  443
3777  252
3778  309
3779  366
3780  422
3781  272
3782  332
3783  388
3784  444
3785  254
3786  312
3787  368
3788  425
3789  272
3790  331
3791  388
3792  444
3793  258
3794  315
3795  372
3796  428
3797  272
3798  331
3799  388
3800  444
3801  269
3802  328
3803  385
3804  456
3805  255
3806  313
3807  382
3808  440
3809  257
3810  327
3811  385
3812  441
3813  286
3814  345
3815  402
3816  458
3817  265
3818  323
3819  379
3820  435
3821  306
3822  368
3823  425
3824  482
3825  273
3826  333
3827  389
3828  445
3829  271
3830  329
3831  385
3832  442
3833  264
3834  321
3835  378
3836  434
3837  280
3838  339
3839  396
3840  453
3841  267
3842  326
3843  383
3844  439
3845  278
3846  337
3847  393
3848  449
3849  260
3850  318
3851  374
3852  430
3853  262
3854  320
3855  376
3856  432
3857  256
3858  314
3859  369
3860  425
3861  275
3862  334
3863  390
3864  446
3865  256
3866  314
3867  369
3868  426
3869  264
3870  323
3871  380
3872  436
3873  260
3874  318
3875  374
3876  445
3877  277
3878  336
3879  408
3880  465
3881  263
3882  337
3883  393
3884  449
3885  269
3886  327
3887  383
3888  440
3889  255
3890  313
3891  370
3892  426
3893  265
3894  323
3895  379
3896  436
3897  250
3898  307
3899  363
3900  420
3901  311
3902  373
3903  430
3904  487
3905  263
3906  321
3907  378
3908  434
3909  271
3910  328
3911  385
3912  441
3913  252
3914  310
3915  367
3916  423
3917  274
3918  333
3919  389
3920  446
3921  260
3922  319
3923  374
3924  431
3925  270
3926  331
3927  387
3928  443
3929  264
3930  322
3931  378
3932  435
3933  266
3934  325
3935  381
3936  438
3937  257
3938  315
3939  370
3940  426
3941  278
3942  337
3943  393
3944  464
3945  290
3946  363
3947  422
3948  479
3949  259
3950  341
3951  398
3952  454
3953  267
3954  326
3955  383
3956  439
3957  271
3958  330
3959  387
3960  443
3961  271
3962  329
3963  385
3964  441
3965  254
3966  312
3967  369
3968  425
3969  267
3970  326
3971  382
3972  438
3973  254
3974  312
3975  369
3976  425
3977  251
3978  309
3979  366
3980  422
3981  318
3982  380
3983  437
3984  493
3985  271
3986  329
3987  386
3988  443
3989  270
3990  328
3991  384
3992  441
3993  260
3994  318
3995  375
3996  430
3997  275
3998  334
3999  391
4000  448
4001  272
4002  331
4003  387
4004  444
4005  278
4006  336
4007  393
4008  449
4009  264
4010  324
4011  380
4012  450
4013  258
4014  316
4015  388
4016  445
4017  254
4018  325
4019  383
4020  439
4021  291
4022  350
4023  406
4024  463
4025  282
4026  340
4027  397
4028  453
4029  272
4030  332
4031  389
4032  445
4033  265
4034  323
4035  380
4036  436
4037  273
4038  332
4039  389
4040  446
4041  274
4042  332
4043  388
4044  444
4045  268
4046  326
4047  382
4048  439
4049  258
4050  316
4051  373
4052  429
4053  255
4054  313
4055  370
4056  427
4057  250
4058  308
4059  364
4060  420
4061  315
4062  378
4063  435
4064  491
4065  264
4066  323
4067  380
4068  436
4069  260
4070  319
4071  375
4072  432
4073  250
4074  308
4075  365
4076  420
4077  305
4078  367
4079  424
4080  496
4081  270
4082  329
4083  399
4084  457
4085  283
4086  361
4087  419
4088  476
4089  248
4090  323
4091  379
4092  436
4093  270
4094  329
4095  386
4096  442
4097  249
4098  307
4099  363
4100  420
4101  279
4102  339
4103  395
4104  451
4105  256
4106  313
4107  369
4108  426
4109  282
4110  340
4111  396
4112  452
4113  258
4114  315
4115  372
4116  428
4117  295
4118  357
4119  414
4120  470
4121  286
4122  344
4123  400
4124  456
4125  253
4126  311
4127  368
4128  425
4129  267
4130  325
4131  382
4132  438
4133  264
4134  324
4135  381
4136  439
4137  255
4138  313
4139  370
4140  427
4141  298
4142  360
4143  417
4144  474
4145  286
4146  345
4147  402
4148  472
4149  280
4150  338
4151  408
4152  465
4153  252
4154  309
4155  380
4156  436
4157  294
4158  355
4159  411
4160  468
4161  282
4162  341
4163  398
4164  454
4165  279
4166  338
4167  394
4168  450
4169  250
4170  308
4171  364
4172  420
4173  259
4174  317
4175  373
4176  430
4177  271
4178  329
4179  385
4180  441
4181  275
4182  333
4183  390
4184  445
4185  253
4186  311
4187  367
4188  423
4189  265
4190  323
4191  380
4192  436
4193  256
4194  314
4195  370
4196  426
4197  270
4198  329
4199  385
4200  442
4201  254
4202  312
4203  368
4204  424
4205  252
4206  310
4207  366
4208  423
4209  255
4210  313
4211  369
4212  426
4213  250
4214  308
4215  365
4216  421
4217  260
4218  318
4219  374
4220  430
4221  303
4222  365
4223  437
4224  494
4225  258
4226  316
4227  386
4228  442
4229  265
4230  337
4231  394
4232  451
4233  268
4234  327
4235  383
4236  440
4237  272
4238  331
4239  388
4240  444
4241  257
4242  317
4243  373
4244  429
4245  279
4246  338
4247  395
4248  452
4249  260
4250  318
4251  374
4252  430
4253  256
4254  315
4255  372
4256  428
4257  249
4258  307
4259  363
4260  419
4261  277
4262  337
4263  393
4264  449
4265  250
4266  308
4267  364
4268  421
4269  267
4270  326
4271  383
4272  439
4273  260
4274  318
4275  374
4276  431
4277  286
4278  346
4279  402
4280  459
4281  258
4282  317
4283  373
4284  429
4285  251
4286  309
4287  365
4288  421
4289  250
4290  307
4291  363
4292  419
4293  266
4294  324
4295  381
4296  452
4297  243
4298  300
4299  371
4300  428
4301  323
4302  386
4303  444
4304  501
4305  277
4306  335
4307  392
4308  449
4309  302
4310  365
4311  422
4312  478
4313  265
4314  324
4315  380
4316  435
4317  281
4318  340
4319  397
4320  453
4321  261
4322  320
4323  376
4324  431
4325  265
4326  323
4327  380
4328  436
4329  276
4330  335
4331  392
4332  448
4333  262
4334  320
4335  377
4336  434
4337  257
4338  316
4339  372
4340  429
4341  290
4342  351
4343  407
4344  464
4345  266
4346  324
4347  380
4348  436
4349  257
4350  315
4351  371
4352  456
4353  265
4354  323
4355  379
4356  435
4357  273
4358  332
4359  389
4360  461
4361  270
4362  328
4363  399
4364  456
4365  260
4366  330
4367  389
4368  445
4369  249
4370  321
4371  377
4372  433
4373  263
4374  322
4375  378
4376  435
4377  256
4378  314
4379  370
4380  427
4381  307
4382  369
4383  425
4384  482
4385  283
4386  341
4387  398
4388  454
4389  272
4390  330
4391  386
4392  443
4393  252
4394  310
4395  366
4396  422
4397  272
4398  331
4399  388
4400  445
4401  267
4402  325
4403  382
4404  438
4405  291
4406  350
4407  407
4408  463
4409  262
4410  320
4411  376
4412  433
4413  264
4414  322
4415  379
4416  435
4417  252
4418  310
4419  366
4420  423
4421  291
4422  352
4423  408
4424  464
4425  267
4426  326
4427  382
4428  439
4429  268
4430  327
4431  383
4432  455
4433  257
4434  315
4435  385
4436  442
4437  271
4438  345
4439  402
4440  459
4441  275
4442  334
4443  390
4444  445
4445  267
4446  325
4447  381
4448  438
4449  258
4450  316
4451  372
4452  428
4453  255
4454  313
4455  370
4456  426
4457  268
4458  326
4459  382
4460  438
4461  322
4462  383
4463  440
4464  497
4465  259
4466  317
4467  374
4468  429
4469  260
4470  317
4471  374
4472  430
4473  254
4474  311
4475  368
4476  423
4477  308
4478  370
4479  426
4480  482
4481  260
4482  319
4483  375
4484  431
4485  265
4486  323
4487  379
4488  435
4489  252
4490  309
4491  366
4492  422
4493  259
4494  317
4495  373
4496  429
4497  259
4498  317
4499  372
4500  443
4501  268
4502  327
4503  398
4504  454
4505  257
4506  328
4507  384
4508  441
4509  270
4510  330
4511  386
4512  442
4513  264
4514  322
4515  378
4516  434
4517  291
4518  352
4519  409
4520  465
4521  281
4522  340
4523  396
4524  452
4525  268
4526  327
4527  384
4528  451
4529  266
4530  325
4531  382
4532  439
4533  258
4534  316
4535  384
4536  454
4537  249
4538  307
4539  363
4540  419
4541  329
4542  412
4543  469
4544  525
4545  258
4546  316
4547  372
4548  428
4549  294
4550  353
4551  409
4552  465
4553  252
4554  309
4555  365
4556  421
4557  287
4558  346
4559  403
4560  460
4561  273
4562  332
4563  388
4564  444
4565  294
4566  355
4567  426
4568  484
4569  263
4570  321
4571  392
4572  448
4573  260
4574  333
4575  390
4576  446
4577  273
4578  331
4579  388
4580  444
4581  290
4582  349
4583  406
4584  463
4585  255
4586  312
4587  369
4588  425
4589  269
4590  328
4591  385
4592  442
4593  261
4594  319
4595  376
4596  433
4597  274
4598  334
4599  392
4600  449
4601  261
4602  321
4603  377
4604  434
4605  262
4606  321
4607  378
4608  435
4609  255
4610  313
4611  369
4612  425
4613  254
4614  313
4615  370
4616  426
4617  256
4618  314
4619  371
4620  427
4621  305
4622  367
4623  424
4624  481
4625  264
4626  323
4627  380
4628  436
4629  261
4630  320
4631  377
4632  434
4633  264
4634  322
4635  379
4636  448
4637  273
4638  332
4639  404
4640  461
4641  258
4642  330
4643  388
4644  443
4645  281
4646  342
4647  398
4648  455
4649  269
4650  327
4651  384
4652  440
4653  254
4654  313
4655  369
4656  426
4657  252
4658  310
4659  366
4660  422
4661  281
4662  340
4663  397
4664  453
4665  265
4666  323
4667  380
4668  436
4669  271
4670  331
4671  387
4672  444
4673  246
4674  304
4675  360
4676  416
4677  290
4678  350
4679  406
4680  463
4681  267
4682  327
4683  383
4684  439
4685  257
4686  315
4687  372
4688  428
4689  248
4690  306
4691  362
4692  419
4693  268
4694  327
4695  384
4696  440
4697  250
4698  308
4699  364
4700  420
4701  309
4702  371
4703  428
4704  484
4705  255
4706  314
4707  371
4708  440
4709  281
4710  341
4711  413
4712  469
4713  255
4714  327
4715  384
4716  440
4717  288
4718  348
4719  404
4720  461
4721  279
4722  337
4723  393
4724  449
4725  277
4726  337
4727  393
4728  450
4729  258
4730  316
4731  372
4732  429
4733  284
4734  343
4735  399
4736  456
4737  249
4738  307
4739  364
4740  420
4741  305
4742  366
4743  423
4744  479
4745  253
4746  311
4747  367
4748  468
4749  260
4750  326
4751  382
4752  438
4753  252
4754  309
4755  456
4756  517
4757  258
4758  316
4759  372
4760  429
4761  258
4762  328
4763  413
4764  469
4765  252
4766  310
4767  366
4768  422
4769  246
4770  345
4771  404
4772  460
4773  262
4774  319
4775  376
4776  432
4777  291
4778  350
4779  422
4780  479
4781  304
4782  382
4783  439
4784  496
4785  278
4786  340
4787  399
4788  456
4789  281
4790  339
4791  395
4792  451
4793  274
4794  334
4795  390
4796  446
4797  264
4798  322
4799  378
4800  434
4801  266
4802  324
4803  381
4804  437
4805  273
4806  332
4807  388
4808  446
4809  260
4810  319
4811  375
4812  431
4813  260
4814  317
4815  373
4816  430
4817  253
4818  312
4819  369
4820  426
4821  282
4822  340
4823  397
4824  452
4825  263
4826  321
4827  378
4828  434
4829  262
4830  320
4831  377
4832  432
4833  280
4834  339
4835  395
4836  452
4837  259
4838  317
4839  373
4840  429
4841  270
4842  329
4843  386
4844  442
4845  247
4846  305
4847  361
4848  417
4849  266
4850  324
4851  380
4852  451
4853  276
4854  334
4855  405
4856  461
4857  255
4858  328
4859  385
4860  441
4861  322
4862  383
4863  440
4864  496
4865  278
4866  337
4867  393
4868  449
4869  257
4870  314
4871  370
4872  426
4873  286
4874  345
4875  401
4876  457
4877  296
4878  357
4879  414
4880  471
4881  263
4882  322
4883  379
4884  435
4885  280
4886  339
4887  395
4888  451
4889  260
4890  319
4891  376
4892  432
4893  256
4894  314
4895  371
4896  427
4897  257
4898  316
4899  372
4900  429
4901  277
4902  336
4903  392
4904  448
4905  272
4906  329
4907  385
4908  441
4909  266
4910  325
4911  381
4912  437
4913  277
4914  336
4915  393
4916  464
4917  264
4918  323
4919  393
4920  450
4921  278
4922  352
4923  409
4924  465
4925  279
4926  338
4927  394
4928  450
4929  273
4930  332
4931  388
4932  444
4933  245
4934  302
4935  359
4936  415
4937  253
4938  312
4939  369
4940  425
4941  335
4942  397
4943  453
4944  510
4945  267
4946  326
4947  383
4948  439
4949  267
4950  325
4951  381
4952  436
4953  278
4954  337
4955  394
4956  449
4957  251
4958  310
4959  366
4960  422
4961  264
4962  331
4963  387
4964  444
4965  271
4966  330
4967  386
4968  442
4969  266
4970  324
4971  380
4972  436
4973  256
4974  314
4975  370
4976  427
4977  264
4978  322
4979  379
4980  435
4981  269
4982  328
4983  385
4984  453
4985  264
4986  322
4987  379
4988  449
4989  268
4990  327
4991  397
4992  453
4993  290
4994  351
4995  407
4996  464
4997  275
4998  334
4999  390
5000  447
5001  272
5002  331
5003  387
5004  444
5005  250
5006  308
5007  363
5008  419
5009  256
5010  313
5011  370
5012  427
5013  271
5014  329
5015  386
5016  442
5017  255
5018  314
5019  371
5020  428
5021  316
5022  377
5023  434
5024  491
5025  271
5026  330
5027  387
5028  444
5029  256
5030  314
5031  370
5032  426
5033  282
5034  341
5035  399
5036  455
5037  254
5038  313
5039  370
5040  426
5041  266
5042  325
5043  382
5044  438
5045  270
5046  329
5047  386
5048  443
5049  257
5050  316
5051  372
5052  428
5053  253
5054  310
5055  367
5056  438
5057  256
5058  315
5059  386
5060  442
5061  276
5062  352
5063  408
5064  464
5065  267
5066  327
5067  384
5068  440
5069  269
5070  328
5071  384
5072  440
5073  268
5074  328
5075  385
5076  441
5077  278
5078  336
5079  392
5080  448
5081  272
5082  332
5083  388
5084  445
5085  250
5086  308
5087  364
5088  420
5089  254
5090  313
5091  369
5092  426
5093  269
5094  327
5095  383
5096  439
5097  252
5098  310
5099  366
5100  423
5101  300
5102  362
5103  418
5104  475
5105  271
5106  330
5107  387
5108  444
5109  265
5110  325
5111  381
5112  437
5113  270
5114  329
5115  386
5116  442
5117  253
5118  310
5119  366
5120  422
5121  266
5122  325
5123  381
5124  452
5125  253
5126  312
5127  368
5128  438
5129  273
5130  343
5131  401
5132  457
5133  253
5134  327
5135  382
5136  439
5137  277
5138  336
5139  393
5140  449
5141  303
5142  363
5143  420
5144  476
5145  266
5146  324
5147  380
5148  436
5149  342
5150  406
5151  463
5152  519
5153  283
5154  343
5155  400
5156  456
5157  262
5158  321
5159  377
5160  434
5161  263
5162  323
5163  379
5164  437
5165  249
5166  306
5167  362
5168  419
5169  254
5170  312
5171  368
5172  424
5173  254
5174  312
5175  368
5176  423
5177  264
5178  323
5179  379
5180  434
5181  303
5182  365
5183  422
5184  478
5185  267
5186  326
5187  383
5188  440
5189  261
5190  318
5191  375
5192  445
5193  268
5194  340
5195  398
5196  454
5197  252
5198  324
5199  380
5200  437
5201  301
5202  360
5203  417
5204  473
5205  278
5206  337
5207  393
5208  450
5209  261
5210  319
5211  375
5212  432
5213  256
5214  314
5215  370
5216  426
5217  260
5218  318
5219  374
5220  430
5221  275
5222  333
5223  390
5224  446
5225  267
5226  325
5227  381
5228  438
5229  270
5230  328
5231  384
5232  440
5233  275
5234  334
5235  390
5236  446
5237  251
5238  310
5239  366
5240  423
5241  273
5242  332
5243  388
5244  445
5245  251
5246  309
5247  366
5248  422
5249  268
5250  327
5251  383
5252  440
5253  253
5254  311
5255  367
5256  423
5257  259
5258  319
5259  375
5260  431
5261  317
5262  378
5263  450
5264  507
5265  276
5266  351
5267  408
5268  464
5269  265
5270  324
5271  380
5272  436
5273  297
5274  359
5275  416
5276  473
5277  262
5278  321
5279  377
5280  434
5281  267
5282  325
5283  381
5284  437
5285  274
5286  332
5287  389
5288  445
5289  265
5290  324
5291  381
5292  436
5293  262
5294  320
5295  376
5296  432
5297  264
5298  323
5299  379
5300  435
5301  267
5302  327
5303  383
5304  440
5305  269
5306  328
5307  384
5308  440
5309  257
5310  325
5311  393
5312  449
5313  278
5314  337
5315  393
5316  450
5317  285
5318  344
5319  400
5320  458
5321  281
5322  341
5323  397
5324  454
5325  263
5326  321
5327  377
5328  446
5329  258
5330  316
5331  373
5332  443
5333  253
5334  311
5335  381
5336  438
5337  257
5338  331
5339  388
5340  444
5341  327
5342  388
5343  445
5344  502
5345  265
5346  324
5347  381
5348  437
5349  267
5350  325
5351  381
5352  437
5353  291
5354  351
5355  407
5356  463
5357  265
5358  322
5359  378
5360  435
5361  277
5362  337
5363  393
5364  450
5365  287
5366  348
5367  404
5368  461
5369  262
5370  320
5371  377
5372  433
5373  263
5374  321
5375  377
5376  433
5377  257
5378  315
5379  372
5380  428
5381  280
5382  339
5383  395
5384  451
5385  275
5386  334
5387  390
5388  446
5389  310
5390  372
5391  429
5392  498
5393  286
5394  346
5395  415
5396  474
5397  276
5398  347
5399  405
5400  460
5401  274
5402  348
5403  405
5404  461
5405  267
5406  326
5407  383
5408  439
5409  263
5410  321
5411  378
5412  434
5413  259
5414  317
5415  373
5416  429
5417  261
5418  322
5419  378
5420  435
5421  321
5422  383
5423  440
5424  497
5425  276
5426  334
5427  391
5428  448
5429  265
5430  323
5431  380
5432  436
5433  278
5434  337
5435  394
5436  451
5437  254
5438  312
5439  368
5440  425
5441  263
5442  322
5443  378
5444  435
5445  269
5446  326
5447  383
5448  439
5449  263
5450  321
5451  377
5452  434
5453  252
5454  309
5455  365
5456  421
5457  256
5458  314
5459  371
5460  428
5461  271
5462  329
5463  386
5464  457
5465  260
5466  319
5467  390
5468  447
5469  258
5470  327
5471  385
5472  441
5473  295
5474  353
5475  410
5476  467
5477  275
5478  333
5479  389
5480  446
5481  274
5482  332
5483  389
5484  445
5485  259
5486  317
5487  373
5488  428
5489  264
5490  321
5491  378
5492  434
5493  251
5494  308
5495  363
5496  419
5497  252
5498  310
5499  366
5500  423
5501  305
5502  366
5503  423
5504  480
5505  265
5506  323
5507  379
5508  435
5509  270
5510  329
5511  385
5512  441
5513  271
5514  331
5515  387
5516  443
5517  256
5518  314
5519  369
5520  425
5521  268
5522  327
5523  383
5524  439
5525  270
5526  330
5527  387
5528  443
5529  266
5530  325
5531  381
5532  438
5533  266
5534  323
5535  379
5536  452
5537  271
5538  330
5539  401
5540  458
5541  345
5542  407
5543  463
5544  519
5545  290
5546  349
5547  405
5548  461
5549  277
5550  336
5551  393
5552  449
5553  269
5554  328
5555  385
5556  442
5557  256
5558  314
5559  371
5560  427
5561  265
5562  324
5563  381
5564  438
5565  254
5566  311
5567  367
5568  424
5569  253
5570  311
5571  367
5572  423
5573  262
5574  319
5575  376
5576  432
5577  254
5578  312
5579  368
5580  425
5581  300
5582  362
5583  419
5584  476
5585  278
5586  337
5587  393
5588  449
5589  267
5590  324
5591  381
5592  437
5593  275
5594  333
5595  390
5596  447
5597  274
5598  332
5599  388
5600  458
5601  262
5602  321
5603  390
5604  449
5605  304
5606  381
5607  439
5608  495
5609  285
5610  344
5611  401
5612  457
5613  261
5614  319
5615  375
5616  432
5617  260
5618  319
5619  375
5620  431
5621  262
5622  321
5623  378
5624  434
5625  272
5626  331
5627  387
5628  443
5629  256
5630  314
5631  371
5632  427
5633  274
5634  333
5635  390
5636  446
5637  259
5638  316
5639  372
5640  430
5641  273
5642  332
5643  388
5644  445
5645  262
5646  320
5647  376
5648  432
5649  260
5650  319
5651  375
5652  431
5653  250
5654  307
5655  364
5656  420
5657  270
5658  328
5659  385
5660  442
5661  301
5662  363
5663  419
5664  476
5665  266
5666  325
5667  382
5668  438
5669  258
5670  316
5671  373
5672  445
5673  311
5674  391
5675  448
5676  505
5677  287
5678  346
5679  403
5680  459
5681  279
5682  337
5683  394
5684  451
5685  261
5686  321
5687  378
5688  434
5689  266
5690  324
5691  380
5692  436
5693  258
5694  316
5695  372
5696  428
5697  266
5698  325
5699  381
5700  437
5701  277
5702  337
5703  393
5704  448
5705  267
5706  326
5707  383
5708  439
5709  254
5710  312
5711  368
5712  425
5713  285
5714  345
5715  403
5716  458
5717  275
5718  335
5719  392
5720  449
5721  260
5722  319
5723  376
5724  432
5725  261
5726  319
5727  376
5728  432
5729  254
5730  312
5731  368
5732  424
5733  249
5734  307
5735  364
5736  421
5737  260
5738  319
5739  375
5740  446
5741  308
5742  388
5743  445
5744  502
5745  278
5746  338
5747  396
5748  453
5749  275
5750  334
5751  391
5752  447
5753  262
5754  322
5755  379
5756  436
5757  255
5758  328
5759  384
5760  440
5761  280
5762  338
5763  395
5764  451
5765  249
5766  308
5767  364
5768  421
5769  260
5770  319
5771  375
5772  433
5773  255
5774  313
5775  369
5776  426
5777  266
5778  324
5779  381
5780  438
5781  270
5782  330
5783  387
5784  442
5785  269
5786  328
5787  385
5788  441
5789  258
5790  316
5791  373
5792  429
5793  275
5794  335
5795  391
5796  449
5797  258
5798  316
5799  371
5800  427
5801  276
5802  335
5803  391
5804  448
5805  255
5806  313
5807  369
5808  437
5809  254
5810  312
5811  380
5812  439
5813  256
5814  314
5815  383
5816  440
5817  283
5818  344
5819  401
5820  457
5821  314
5822  376
5823  432
5824  489
5825  276
5826  335
5827  392
5828  448
5829  254
5830  312
5831  369
5832  425
5833  285
5834  345
5835  402
5836  459
5837  267
5838  326
5839  382
5840  438
5841  262
5842  321
5843  378
5844  434
5845  273
5846  331
5847  388
5848  444
5849  264
5850  323
5851  379
5852  435
5853  250
5854  308
5855  364
5856  420
5857  268
5858  328
5859  384
5860  440
5861  261
5862  319
5863  375
5864  431
5865  272
5866  329
5867  385
5868  442
5869  261
5870  319
5871  375
5872  431
5873  286
5874  346
5875  402
5876  474
5877  265
5878  323
5879  395
5880  452
5881  269
5882  342
5883  399
5884  455
5885  274
5886  333
5887  390
5888  446
5889  270
5890  329
5891  385
5892  441
5893  250
5894  307
5895  363
5896  418
5897  251
5898  310
5899  366
5900  422
5901  305
5902  367
5903  424
5904  480
5905  272
5906  331
5907  388
5908  444
5909  271
5910  329
5911  385
5912  441
5913  272
5914  332
5915  389
5916  445
5917  246
5918  312
5919  368
5920  424
5921  265
5922  323
5923  380
5924  436
5925  257
5926  315
5927  372
5928  428
5929  275
5930  333
5931  390
5932  446
5933  269
5934  326
5935  383
5936  439
5937  265
5938  323
5939  380
5940  437
5941  300
5942  360
5943  416
5944  487
5945  278
5946  337
5947  405
5948  463
5949  265
5950  322
5951  394
5952  450
5953  300
5954  362
5955  419
5956  475
5957  268
5958  325
5959  381
5960  439
5961  270
5962  329
5963  385
5964  442
5965  248
5966  305
5967  361
5968  417
5969  254
5970  312
5971  369
5972  426
5973  263
5974  320
5975  376
5976  432
5977  254
5978  312
5979  368
5980  425
5981  294
5982  355
5983  412
5984  469
5985  276
5986  334
5987  391
5988  447
5989  266
5990  324
5991  380
5992  437
5993  284
5994  343
5995  400
5996  456
5997  276
5998  335
5999  391
6000  448
6001  270
6002  329
6003  386
6004  443
6005  270
6006  330
6007  387
6008  443
6009  255
6010  314
6011  371
6012  427
6013  252
6014  310
6015  367
6016  438
6017  260
6018  318
6019  389
6020  446
6021  268
6022  342
6023  398
6024  454
6025  292
6026  352
6027  408
6028  465
6029  261
6030  319
6031  376
6032  433
6033  274
6034  333
6035  390
6036  447
6037  259
6038  317
6039  372
6040  430
6041  278
6042  337
6043  394
6044  451
6045  274
6046  332
6047  388
6048  444
6049  261
6050  319
6051  376
6052  433
6053  252
6054  310
6055  367
6056  423
6057  268
6058  328
6059  385
6060  441
6061  308
6062  370
6063  427
6064  484
6065  268
6066  327
6067  383
6068  440
6069  255
6070  313
6071  368
6072  425
6073  310
6074  373
6075  430
6076  487
6077  270
6078  329
6079  386
6080  442
6081  263
6082  321
6083  378
6084  450
6085  260
6086  318
6087  389
6088  445
6089  258
6090  330
6091  387
6092  444
6093  259
6094  318
6095  375
6096  431
6097  264
6098  323
6099  379
6100  436
6101  278
6102  337
6103  393
6104  449
6105  267
6106  326
6107  383
6108  439
6109  254
6110  312
6111  369
6112  425
6113  301
6114  362
6115  419
6116  475
6117  262
6118  320
6119  376
6120  432
6121  267
6122  326
6123  383
6124  439
6125  268
6126  325
6127  382
6128  438
6129  255
6130  331
6131  388
6132  445
6133  249
6134  306
6135  363
6136  419
6137  257
6138  315
6139  371
6140  428
6141  321
6142  383
6143  441
6144  497
6145  294
6146  354
6147  411
6148  468
6149  261
6150  319
6151  376
6152  448
6153  267
6154  327
6155  399
6156  456
6157  253
6158  334
6159  391
6160  447
6161  284
6162  343
6163  399
6164  455
6165  287
6166  346
6167  405
6168  461
6169  260
6170  320
6171  376
6172  432
6173  258
6174  315
6175  371
6176  427
6177  285
6178  344
6179  400
6180  456
6181  264
6182  323
6183  378
6184  434
6185  265
6186  325
6187  381
6188  437
6189  249
6190  307
6191  363
6192  419
6193  264
6194  323
6195  380
6196  436
6197  252
6198  310
6199  365
6200  421
6201  268
6202  328
6203  384
6204  440
6205  250
6206  308
6207  363
6208  419
6209  248
6210  306
6211  362
6212  419
6213  252
6214  309
6215  366
6216  421
6217  271
6218  330
6219  386
6220  442
6221  312
6222  374
6223  445
6224  504
6225  280
6226  339
6227  410
6228  467
6229  255
6230  327
6231  383
6232  440
6233  291
6234  352
6235  408
6236  464
6237  270
6238  329
6239  385
6240  441
6241  271
6242  330
6243  386
6244  443
6245  249
6246  308
6247  364
6248  420
6249  269
6250  327
6251  383
6252  439
6253  251
6254  309
6255  365
6256  421
6257  263
6258  321
6259  377
6260  433
6261  271
6262  329
6263  386
6264  442
6265  263
6266  321
6267  377
6268  433
6269  255
6270  312
6271  369
6272  425
6273  271
6274  330
6275  387
6276  443
6277  271
6278  330
6279  387
6280  443
6281  271
6282  329
6283  386
6284  442
6285  255
6286  312
6287  369
6288  425
6289  263
6290  322
6291  379
6292  435
6293  249
6294  306
6295  363
6296  430
6297  264
6298  323
6299  394
6300  450
6301  300
6302  376
6303  433
6304  490
6305  278
6306  337
6307  394
6308  451
6309  271
6310  328
6311  385
6312  441
6313  267
6314  327
6315  383
6316  439
6317  260
6318  318
6319  374
6320  430
6321  277
6322  335
6323  391
6324  448
6325  265
6326  323
6327  380
6328  436
6329  261
6330  320
6331  376
6332  432
6333  265
6334  322
6335  379
6336  435
6337  267
6338  326
6339  382
6340  438
6341  294
6342  355
6343  411
6344  468
6345  255
6346  328
6347  384
6348  440
6349  253
6350  311
6351  367
6352  423
6353  272
6354  331
6355  388
6356  444
6357  258
6358  315
6359  371
6360  427
6361  273
6362  332
6363  389
6364  459
6365  249
6366  306
6367  375
6368  432
6369  248
6370  306
6371  376
6372  433
6373  248
6374  319
6375  375
6376  431
6377  310
6378  371
6379  429
6380  485
6381  260
6382  319
6383  376
6384  432
6385  263
6386  322
6387  378
6388  435
6389  278
6390  336
6391  392
6392  448
6393  276
6394  335
6395  392
6396  448
6397  279
6398  338
6399  394
6400  451
6401  262
6402  322
6403  377
6404  434
6405  259
6406  318
6407  374
6408  430
6409  259
6410  318
6411  374
6412  430
6413  251
6414  309
6415  365
6416  422
6417  272
6418  331
6419  388
6420  444
6421  265
6422  324
6423  381
6424  437
6425  273
6426  332
6427  388
6428  445
6429  256
6430  313
6431  370
6432  426
6433  278
6434  338
6435  395
6436  468
6437  254
6438  312
6439  383
6440  440
6441  267
6442  341
6443  398
6444  455
6445  266
6446  325
6447  381
6448  437
6449  277
6450  336
6451  393
6452  450
6453  261
6454  319
6455  375
6456  431
6457  322
6458  384
6459  441
6460  498
6461  278
6462  336
6463  392
6464  449
6465  267
6466  327
6467  383
6468  440
6469  255
6470  313
6471  369
6472  426
6473  304
6474  366
6475  423
6476  480
6477  270
6478  328
6479  384
6480  440
6481  256
6482  313
6483  370
6484  426
6485  268
6486  327
6487  384
6488  440
6489  257
6490  315
6491  372
6492  428
6493  255
6494  313
6495  370
6496  426
6497  266
6498  324
6499  381
6500  437
6501  261
6502  319
6503  376
6504  446
6505  261
6506  320
6507  392
6508  448
6509  270
6510  342
6511  399
6512  455
6513  312
6514  373
6515  429
6516  485
6517  275
6518  332
6519  388
6520  443
6521  257
6522  315
6523  370
6524  428
6525  266
6526  324
6527  379
6528  434
6529  276
6530  334
6531  390
6532  446
6533  251
6534  308
6535  364
6536  421
6537  307
6538  368
6539  425
6540  482
6541  284
6542  344
6543  401
6544  458
6545  281
6546  340
6547  396
6548  453
6549  253
6550  312
6551  367
6552  424
6553  277
6554  336
6555  392
6556  448
6557  259
6558  325
6559  381
6560  437
6561  258
6562  316
6563  372
6564  429
6565  268
6566  326
6567  382
6568  437
6569  253
6570  311
6571  367
6572  438
6573  256
6574  314
6575  387
6576  444
6577  270
6578  344
6579  400
6580  457
6581  283
6582  342
6583  398
6584  453
6585  277
6586  336
6587  393
6588  449
6589  258
6590  315
6591  371
6592  427
6593  269
6594  328
6595  384
6596  441
6597  267
6598  325
6599  381
6600  437
6601  256
6602  314
6603  370
6604  426
6605  248
6606  306
6607  362
6608  418
6609  254
6610  312
6611  368
6612  424
6613  262
6614  319
6615  375
6616  431
6617  305
6618  367
6619  424
6620  481
6621  270
6622  328
6623  384
6624  440
6625  277
6626  335
6627  392
6628  448
6629  262
6630  319
6631  375
6632  431
6633  267
6634  326
6635  383
6636  439
6637  261
6638  319
6639  375
6640  443
6641  265
6642  323
6643  391
6644  449
6645  264
6646  336
6647  394
6648  451
6649  252
6650  327
6651  383
6652  440
6653  262
6654  320
6655  376
6656  432
6657  260
6658  319
6659  375
6660  432
6661  264
6662  323
6663  379
6664  435
6665  263
6666  323
6667  379
6668  436
6669  263
6670  320
6671  377
6672  433
6673  285
6674  345
6675  401
6676  458
6677  267
6678  326
6679  382
6680  439
6681  261
6682  319
6683  375
6684  432
6685  258
6686  316
6687  372
6688  428
6689  260
6690  318
6691  375
6692  431
6693  260
6694  317
6695  373
6696  430
6697  297
6698  358
6699  415
6700  472
6701  252
6702  309
6703  365
6704  422
6705  313
6706  375
6707  432
6708  503
6709  261
6710  319
6711  375
6712  447
6713  273
6714  332
6715  402
6716  459
6717  258
6718  331
6719  387
6720  443
6721  272
6722  332
6723  388
6724  445
6725  250
6726  309
6727  364
6728  421
6729  265
6730  324
6731  380
6732  437
6733  253
6734  312
6735  368
6736  424
6737  279
6738  338
6739  394
6740  451
6741  292
6742  352
6743  409
6744  465
6745  268
6746  327
6747  383
6748  439
6749  257
6750  315
6751  371
6752  428
6753  280
6754  339
6755  396
6756  453
6757  265
6758  323
6759  379
6760  436
6761  255
6762  313
6763  370
6764  427
6765  249
6766  306
6767  363
6768  419
6769  255
6770  313
6771  369
6772  426
6773  256
6774  314
6775  370
6776  427
6777  301
6778  363
6779  420
6780  493
6781  251
6782  309
6783  380
6784  437
6785  268
6786  342
6787  399
6788  456
6789  269
6790  327
6791  385
6792  441
6793  278
6794  338
6795  394
6796  451
6797  277
6798  337
6799  393
6800  450
6801  281
6802  342
6803  398
6804  455
6805  276
6806  333
6807  390
6808  446
6809  258
6810  316
6811  372
6812  429
6813  250
6814  307
6815  364
6816  420
6817  277
6818  336
6819  392
6820  448
6821  263
6822  321
6823  377
6824  434
6825  268
6826  326
6827  383
6828  439
6829  254
6830  311
6831  368
6832  424
6833  274
6834  333
6835  390
6836  447
6837  263
6838  322
6839  378
6840  434
6841  257
6842  315
6843  372
6844  429
6845  258
6846  316
6847  372
6848  428
6849  257
6850  315
6851  371
6852  443
6853  267
6854  324
6855  395
6856  451
6857  330
6858  392
6859  449
6860  506
6861  274
6862  332
6863  388
6864  444
6865  276
6866  335
6867  391
6868  447
6869  259
6870  317
6871  372
6872  429
6873  320
6874  382
6875  438
6876  496
6877  275
6878  355
6879  413
6880  469
6881  270
6882  328
6883  384
6884  440
6885  284
6886  342
6887  397
6888  454
6889  257
6890  314
6891  370
6892  427
6893  247
6894  305
6895  361
6896  417
6897  276
6898  334
6899  390
6900  447
6901  257
6902  315
6903  371
6904  428
6905  264
6906  322
6907  379
6908  435
6909  264
6910  322
6911  378
6912  434
6913  298
6914  359
6915  416
6916  486
6917  270
6918  329
6919  386
6920  458
6921  259
6922  317
6923  388
6924  444
6925  268
6926  342
6927  399
6928  455
6929  268
6930  327
6931  383
6932  440
6933  265
6934  322
6935  379
6936  435
6937  313
6938  375
6939  432
6940  490
6941  286
6942  346
6943  402
6944  459
6945  275
6946  334
6947  390
6948  447
6949  252
6950  309
6951  365
6952  422
6953  275
6954  334
6955  391
6956  447
6957  276
6958  335
6959  391
6960  447
6961  283
6962  343
6963  400
6964  457
6965  260
6966  319
6967  375
6968  431
6969  265
6970  323
6971  380
6972  436
6973  254
6974  312
6975  368
6976  424
6977  285
6978  343
6979  400
6980  456
6981  265
6982  324
6983  381
6984  437
6985  266
6986  325
6987  381
6988  453
6989  258
6990  316
6991  387
6992  443
6993  271
6994  344
6995  401
6996  457
6997  283
6998  342
6999  398
7000  454
7001  263
7002  321
7003  378
7004  434
7005  249
7006  306
7007  362
7008  418
7009  265
7010  324
7011  380
7012  437
7013  270
7014  328
7015  384
7016  440
7017  312
7018  373
7019  430
7020  487
7021  271
7022  329
7023  386
7024  442
7025  270
7026  329
7027  385
7028  441
7029  253
7030  311
7031  366
7032  422
7033  274
7034  333
7035  390
7036  446
7037  263
7038  322
7039  377
7040  433
7041  270
7042  329
7043  386
7044  442
7045  250
7046  309
7047  364
7048  421
7049  259
7050  316
7051  372
7052  429
7053  259
7054  318
7055  373
7056  429
7057  284
7058  342
7059  417
7060  473
7061  252
7062  311
7063  381
7064  438
7065  265
7066  337
7067  394
7068  450
7069  268
7070  327
7071  383
7072  439
7073  277
7074  336
7075  393
7076  450
7077  263
7078  322
7079  378
7080  434
7081  267
7082  325
7083  381
7084  438
7085  274
7086  332
7087  388
7088  445
7089  257
7090  315
7091  372
7092  428
7093  250
7094  308
7095  365
7096  422
7097  298
7098  360
7099  416
7100  473
7101  259
7102  318
7103  374
7104  431
7105  270
7106  329
7107  385
7108  441
7109  254
7110  312
7111  368
7112  424
7113  275
7114  334
7115  390
7116  448
7117  249
7118  316
7119  372
7120  428
7121  281
7122  340
7123  397
7124  453
7125  256
7126  314
7127  370
7128  441
7129  264
7130  323
7131  393
7132  449
7133  259
7134  331
7135  388
7136  445
7137  299
7138  359
7139  415
7140  472
7141  286
7142  347
7143  404
7144  460
7145  273
7146  333
7147  389
7148  446
7149  259
7150  318
7151  374
7152  430
7153  296
7154  354
7155  412
7156  469
7157  276
7158  334
7159  390
7160  446
7161  255
7162  313
7163  369
7164  426
7165  256
7166  313
7167  369
7168  425
7169  261
7170  319
7171  376
7172  433
7173  257
7174  314
7175  371
7176  427
7177  307
7178  369
7179  425
7180  483
7181  260
7182  318
7183  374
7184  430
7185  261
7186  320
7187  376
7188  433
7189  258
7190  316
7191  372
7192  430
7193  292
7194  352
7195  408
7196  482
7197  271
7198  330
7199  401
7200  457
7201  258
7202  331
7203  388
7204  445
7205  273
7206  331
7207  387
7208  442
7209  262
7210  320
7211  377
7212  433
7213  252
7214  309
7215  365
7216  420
7217  274
7218  333
7219  390
7220  446
7221  270
7222  327
7223  383
7224  440
7225  261
7226  319
7227  375
7228  431
7229  254
7230  312
7231  368
7232  424
7233  280
7234  339
7235  396
7236  452
7237  264
7238  323
7239  379
7240  435
7241  252
7242  311
7243  367
7244  423
7245  255
7246  313
7247  369
7248  425
7249  248
7250  306
7251  362
7252  418
7253  251
7254  309
7255  365
7256  421
7257  305
7258  366
7259  423
7260  480
7261  261
7262  319
7263  375
7264  431
7265  259
7266  317
7267  373
7268  443
7269  248
7270  305
7271  373
7272  431
7273  318
7274  383
7275  439
7276  496
7277  278
7278  336
7279  392
7280  448
7281  277
7282  337
7283  394
7284  450
7285  248
7286  306
7287  362
7288  417
7289  257
7290  315
7291  371
7292  427
7293  263
7294  320
7295  376
7296  432
7297  290
7298  350
7299  406
7300  462
7301  258
7302  315
7303  372
7304  428
7305  265
7306  324
7307  380
7308  436
7309  258
7310  316
7311  372
7312  428
7313  281
7314  341
7315  397
7316  454
7317  260
7318  318
7319  374
7320  430
7321  263
7322  321
7323  377
7324  434
7325  269
7326  327
7327  382
7328  438
7329  254
7330  311
7331  367
7332  424
7333  257
7334  315
7335  372
7336  428
7337  306
7338  367
7339  439
7340  496
7341  285
7342  361
7343  417
7344  474
7345  295
7346  354
7347  410
7348  466
7349  247
7350  305
7351  361
7352  417
7353  276
7354  335
7355  392
7356  449
7357  272
7358  331
7359  387
7360  444
7361  268
7362  327
7363  383
7364  439
7365  269
7366  328
7367  383
7368  439
7369  254
7370  313
7371  369
7372  425
7373  254
7374  311
7375  367
7376  424
7377  275
7378  334
7379  390
7380  447
7381  249
7382  307
7383  363
7384  419
7385  264
7386  322
7387  378
7388  435
7389  256
7390  314
7391  369
7392  426
7393  270
7394  329
7395  385
7396  442
7397  262
7398  320
7399  377
7400  433
7401  253
7402  311
7403  368
7404  424
7405  251
7406  309
7407  366
7408  435
7409  257
7410  316
7411  385
7412  443
7413  245
7414  303
7415  376
7416  432
7417  314
7418  376
7419  433
7420  490
7421  255
7422  313
7423  370
7424  426
7425  264
7426  322
7427  378
7428  435
7429  253
7430  311
7431  367
7432  423
7433  285
7434  344
7435  401
7436  457
7437  255
7438  321
7439  378
7440  434
7441  283
7442  344
7443  401
7444  457
7445  256
7446  314
7447  370
7448  427
7449  253
7450  311
7451  367
7452  423
7453  251
7454  309
7455  366
7456  422
7457  281
7458  340
7459  396
7460  452
7461  254
7462  312
7463  367
7464  424
7465  265
7466  323
7467  380
7468  436
7469  258
7470  317
7471  373
7472  430
7473  283
7474  342
7475  399
7476  470
7477  271
7478  331
7479  400
7480  457
7481  256
7482  315
7483  386
7484  442
7485  265
7486  337
7487  393
7488  450
7489  280
7490  338
7491  394
7492  450
7493  252
7494  311
7495  367
7496  423
7497  304
7498  366
7499  423
7500  480
7501  260
7502  318
7503  375
7504  431
7505  271
7506  330
7507  387
7508  443
7509  251
7510  310
7511  366
7512  422
7513  277
7514  336
7515  392
7516  449
7517  260
7518  319
7519  375
7520  431
7521  255
7522  313
7523  369
7524  425
7525  262
7526  319
7527  375
7528  432
7529  267
7530  325
7531  381
7532  437
7533  253
7534  310
7535  367
7536  423
7537  269
7538  328
7539  384
7540  440
7541  292
7542  352
7543  408
7544  465
7545  276
7546  335
7547  391
7548  461
7549  255
7550  313
7551  384
7552  440
7553  272
7554  347
7555  403
7556  459
7557  277
7558  337
7559  392
7560  448
7561  260
7562  318
7563  375
7564  430
7565  249
7566  307
7567  363
7568  420
7569  248
7570  307
7571  362
7572  418
7573  252
7574  309
7575  365
7576  421
7577  305
7578  366
7579  423
7580  480
7581  254
7582  312
7583  369
7584  425
7585  268
7586  326
7587  382
7588  438
7589  253
7590  310
7591  367
7592  424
7593  273
7594  333
7595  389
7596  445
7597  254
7598  320
7599  377
7600  433
7601  280
7602  342
7603  398
7604  455
7605  257
7606  315
7607  372
7608  428
7609  265
7610  323
7611  380
7612  436
7613  253
7614  311
7615  368
7616  438
7617  275
7618  335
7619  405
7620  462
7621  264
7622  337
7623  394
7624  451
7625  281
7626  342
7627  399
7628  455
7629  268
7630  326
7631  383
7632  439
7633  271
7634  331
7635  388
7636  445
7637  267
7638  325
7639  381
7640  437
7641  252
7642  311
7643  367
7644  423
7645  258
7646  316
7647  373
7648  429
7649  262
7650  320
7651  377
7652  433
7653  252
7654  310
7655  367
7656  424
7657  321
7658  383
7659  440
7660  497
7661  273
7662  332
7663  389
7664  445
7665  260
7666  318
7667  373
7668  430
7669  253
7670  313
7671  369
7672  425
7673  305
7674  367
7675  424
7676  481
7677  263
7678  323
7679  379
7680  436
7681  271
7682  330
7683  387
7684  457
7685  269
7686  327
7687  397
7688  455
7689  250
7690  309
7691  381
7692  438
7693  250
7694  324
7695  381
7696  437
7697  287
7698  346
7699  402
7700  458
7701  256
7702  314
7703  371
7704  426
7705  269
7706  329
7707  385
7708  441
7709  260
7710  318
7711  375
7712  431
7713  309
7714  369
7715  426
7716  482
7717  305
7718  364
7719  420
7720  475
7721  276
7722  335
7723  391
7724  447
7725  260
7726  318
7727  374
7728  431
7729  270
7730  328
7731  384
7732  441
7733  247
7734  305
7735  361
7736  418
7737  313
7738  375
7739  432
7740  489
7741  284
7742  345
7743  402
7744  458
7745  283
7746  341
7747  397
7748  454
7749  259
7750  318
7751  374
7752  444
7753  268
7754  327
7755  397
7756  454
7757  266
7758  340
7759  397
7760  453
7761  302
7762  363
7763  419
7764  476
7765  262
7766  320
7767  376
7768  433
7769  273
7770  331
7771  387
7772  444
7773  256
7774  314
7775  370
7776  426
7777  281
7778  340
7779  396
7780  452
7781  250
7782  308
7783  365
7784  422
7785  273
7786  332
7787  389
7788  445
7789  253
7790  311
7791  368
7792  424
7793  270
7794  329
7795  386
7796  442
7797  272
7798  331
7799  387
7800  444
7801  253
7802  312
7803  368
7804  425
7805  248
7806  306
7807  362
7808  419
7809  266
7810  325
7811  381
7812  438
7813  269
7814  328
7815  384
7816  440
7817  309
7818  372
7819  429
7820  499
7821  259
7822  316
7823  372
7824  443
7825  259
7826  316
7827  388
7828  445
7829  252
7830  325
7831  382
7832  439
7833  286
7834  347
7835  403
7836  459
7837  267
7838  324
7839  381
7840  438
7841  276
7842  334
7843  391
7844  447
7845  268
7846  326
7847  383
7848  439
7849  269
7850  327
7851  384
7852  441
7853  258
7854  316
7855  373
7856  430
7857  275
7858  334
7859  392
7860  448
7861  253
7862  312
7863  370
7864  427
7865  255
7866  321
7867  378
7868  435
7869  252
7870  311
7871  368
7872  425
7873  283
7874  342
7875  399
7876  456
7877  262
7878  320
7879  376
7880  436
7881  259
7882  317
7883  373
7884  429
7885  254
7886  312
7887  368
7888  425
7889  268
7890  326
7891  382
7892  439
7893  253
7894  310
7895  367
7896  423
7897  305
7898  379
7899  438
7900  495
7901  259
7902  331
7903  387
7904  444
7905  282
7906  341
7907  398
7908  453
7909  258
7910  315
7911  372
7912  428
7913  267
7914  326
7915  382
7916  439
7917  261
7918  320
7919  376
7920  432
7921  283
7922  342
7923  398
7924  455
7925  267
7926  325
7927  382
7928  438
7929  259
7930  317
7931  373
7932  429
7933  246
7934  304
7935  360
7936  416
7937  317
7938  405
7939  464
7940  520
7941  264
7942  322
7943  378
7944  435
7945  262
7946  328
7947  386
7948  442
7949  277
7950  337
7951  394
7952  450
7953  268
7954  327
7955  384
7956  440
7957  263
7958  320
7959  377
7960  433
7961  261
7962  320
7963  376
7964  447
7965  247
7966  304
7967  375
7968  431
7969  255
7970  328
7971  384
7972  441
7973  264
7974  322
7975  378
7976  434
7977  310
7978  372
7979  430
7980  487
7981  259
7982  317
7983  374
7984  430
7985  259
7986  317
7987  373
7988  429
7989  258
7990  316
7991  372
7992  429
7993  274
7994  333
7995  390
7996  446
7997  260
7998  326
7999  382
8000  439
8001  268
8002  326
8003  383
8004  439
8005  266
8006  324
8007  380
8008  436
8009  263
8010  322
8011  378
8012  435
8013  252
8014  310
8015  367
8016  423
8017  292
8018  351
8019  408
8020  465
8021  269
8022  328
8023  385
8024  441
8025  271
8026  330
8027  387
8028  444
8029  252
8030  312
8031  369
8032  425
8033  279
8034  338
8035  410
8036  467
8037  267
8038  339
8039  398
8040  453
8041  257
8042  330
8043  386
8044  443
8045  270
8046  328
8047  384
8048  440
8049  255
8050  313
8051  369
8052  426
8053  250
8054  308
8055  364
8056  420
8057  302
8058  364
8059  421
8060  478
8061  261
8062  320
8063  377
8064  433
8065  261
8066  318
8067  375
8068  431
8069  251
8070  310
8071  367
8072  424
8073  309
8074  372
8075  429
8076  485
8077  264
8078  323
8079  379
8080  435
8081  273
8082  332
8083  389
8084  446
8085  254
8086  312
8087  369
8088  425
8089  257
8090  315
8091  372
8092  428
8093  259
8094  317
8095  373
8096  430
8097  283
8098  343
8099  399
8100  471
8101  255
8102  313
8103  369
8104  440
8105  267
8106  339
8107  398
8108  454
8109  255
8110  328
8111  384
8112  440
8113  297
8114  358
8115  415
8116  472
8117  260
8118  319
8119  376
8120  434
8121  266
8122  325
8123  381
8124  438
8125  251
8126  309
8127  366
8128  422
8129  257
8130  316
8131  373
8132  429
8133  260
8134  318
8135  375
8136  432
8137  325
8138  386
8139  443
8140  500
8141  259
8142  318
8143  375
8144  431
8145  268
8146  326
8147  383
8148  439
8149  252
8150  310
8151  367
8152  423
8153  278
8154  337
8155  394
8156  451
8157  266
8158  326
8159  383
8160  439
8161  281
8162  342
8163  398
8164  455
8165  263
8166  321
8167  377
8168  434
8169  263
8170  322
8171  378
8172  449
8173  265
8174  323
8175  396
8176  453
8177  285
8178  358
8179  415
8180  471
8181  279
8182  339
8183  395
8184  451
8185  261
8186  320
8187  377
8188  433
8189  246
8190  305
8191  361
8192  418
8193  276
8194  335
8195  393
8196  449
8197  274
8198  333
8199  389
8200  445
8201  253
8202  312
8203  368
8204  425
8205  257
8206  316
8207  373
8208  429
8209  261
8210  319
8211  375
8212  432
8213  248
8214  306
8215  363
8216  419
8217  307
8218  369
8219  427
8220  484
8221  261
8222  319
8223  375
8224  431
8225  266
8226  324
8227  380
8228  436
8229  252
8230  310
8231  366
8232  423
8233  293
8234  353
8235  409
8236  465
8237  267
8238  325
8239  381
8240  450
8241  283
8242  342
8243  414
8244  471
8245  253
8246  311
8247  381
8248  437
8249  258
8250  331
8251  387
8252  443
8253  261
8254  319
8255  375
8256  431
8257  274
8258  333
8259  390
8260  446
8261  259
8262  317
8263  374
8264  430
8265  262
8266  320
8267  376
8268  433
8269  263
8270  320
8271  377
8272  433
8273  283
8274  343
8275  399
8276  456
8277  261
8278  320
8279  376
8280  432
8281  256
8282  314
8283  370
8284  427
8285  255
8286  313
8287  369
8288  425
8289  263
8290  322
8291  378
8292  434
8293  247
8294  306
8295  362
8296  419
8297  307
8298  369
8299  426
8300  483
8301  258
8302  316
8303  372
8304  429
8305  278
8306  337
8307  394
8308  450
8309  248
8310  306
8311  362
8312  431
8313  278
8314  337
8315  408
8316  465
8317  260
8318  333
8319  391
8320  447
8321  278
8322  337
8323  394
8324  450
8325  291
8326  352
8327  408
8328  465
8329  265
8330  324
8331  380
8332  436
8333  253
8334  311
8335  368
8336  424
8337  302
8338  363
8339  419
8340  476
8341  262
8342  333
8343  389
8344  446
8345  261
8346  319
8347  375
8348  432
8349  268
8350  326
8351  383
8352  439
8353  280
8354  338
8355  395
8356  452
8357  270
8358  329
8359  385
8360  442
8361  248
8362  306
8363  363
8364  419
8365  254
8366  313
8367  369
8368  425
8369  256
8370  315
8371  372
8372  428
8373  253
8374  311
8375  368
8376  424
8377  310
8378  371
8379  428
8380  501
8381  262
8382  321
8383  394
8384  450
8385  261
8386  335
8387  392
8388  448
8389  266
8390  325
8391  382
8392  438
8393  284
8394  343
8395  399
8396  456
8397  266
8398  325
8399  381
8400  437
8401  294
8402  355
8403  412
8404  468
8405  278
8406  336
8407  393
8408  450
8409  255
8410  313
8411  369
8412  426
8413  259
8414  316
8415  373
8416  429
8417  274
8418  333
8419  389
8420  446
8421  276
8422  335
8423  392
8424  448
8425  265
8426  324
8427  380
8428  436
8429  254
8430  313
8431  369
8432  426
8433  278
8434  338
8435  394
8436  451
8437  262
8438  321
8439  377
8440  436
8441  271
8442  331
8443  388
8444  444
8445  269
8446  327
8447  383
8448  439
8449  264
8450  322
8451  379
8452  449
8453  259
8454  317
8455  389
8456  447
8457  318
8458  381
8459  439
8460  496
8461  269
8462  329
8463  385
8464  441
8465  260
8466  319
8467  374
8468  431
8469  255
8470  313
8471  369
8472  425
8473  329
8474  392
8475  449
8476  506
8477  266
8478  324
8479  381
8480  438
8481  278
8482  337
8483  393
8484  450
8485  260
8486  317
8487  374
8488  431
8489  258
8490  317
8491  373
8492  430
8493  256
8494  314
8495  371
8496  427
8497  272
8498  330
8499  387
8500  443
8501  268
8502  326
8503  383
8504  440
8505  261
8506  320
8507  376
8508  432
8509  259
8510  317
8511  373
8512  430
8513  284
8514  345
8515  402
8516  473
8517  271
8518  330
8519  399
8520  456
8521  275
8522  345
8523  404
8524  460
8525  250
8526  321
8527  378
8528  434
8529  268
8530  326
8531  383
8532  440
8533  264
8534  322
8535  378
8536  434
8537  326
8538  387
8539  444
8540  501
8541  274
8542  332
8543  388
8544  444
8545  274
8546  332
8547  389
8548  445
8549  256
8550  314
8551  370
8552  426
8553  278
8554  338
8555  395
8556  451
8557  264
8558  323
8559  379
8560  436
8561  292
8562  352
8563  409
8564  466
8565  258
8566  316
8567  372
8568  428
8569  257
8570  316
8571  372
8572  428
8573  267
8574  326
8575  382
8576  437
8577  291
8578  352
8579  408
8580  464
8581  266
8582  325
8583  381
8584  437
8585  262
8586  321
8587  377
8588  447
8589  264
8590  324
8591  394
8592  450
8593  292
8594  354
8595  410
8596  467
8597  283
8598  341
8599  398
8600  453
8601  255
8602  313
8603  369
8604  425
8605  253
8606  311
8607  367
8608  423
8609  264
8610  322
8611  379
8612  435
8613  253
8614  312
8615  368
8616  424
8617  316
8618  378
8619  434
8620  491
8621  253
8622  311
8623  367
8624  424
8625  252
8626  310
8627  366
8628  422
8629  263
8630  321
8631  377
8632  433
8633  267
8634  343
8635  400
8636  457
8637  258
8638  315
8639  372
8640  428
8641  275
8642  334
8643  390
8644  446
8645  266
8646  323
8647  379
8648  435
8649  253
8650  311
8651  368
8652  424
8653  268
8654  326
8655  382
8656  452
8657  272
8658  331
8659  403
8660  459
8661  254
8662  313
8663  383
8664  439
8665  255
8666  327
8667  383
8668  439
8669  273
8670  331
8671  387
8672  443
8673  269
8674  327
8675  385
8676  441
8677  264
8678  322
8679  378
8680  434
8681  253
8682  311
8683  367
8684  424
8685  257
8686  315
8687  371
8688  427
8689  261
8690  320
8691  376
8692  432
8693  250
8694  308
8695  364
8696  420
8697  304
8698  365
8699  422
8700  480
8701  256
8702  315
8703  371
8704  427
8705  266
8706  323
8707  379
8708  436
8709  252
8710  309
8711  366
8712  422
8713  282
8714  341
8715  398
8716  454
8717  266
8718  324
8719  380
8720  436
8721  267
8722  327
8723  383
8724  439
8725  274
8726  333
8727  390
8728  463
8729  260
8730  318
8731  389
8732  446
8733  265
8734  339
8735  395
8736  452
8737  316
8738  378
8739  435
8740  491
8741  255
8742  322
8743  378
8744  435
8745  271
8746  330
8747  386
8748  442
8749  263
8750  321
8751  377
8752  434
8753  272
8754  331
8755  386
8756  442
8757  270
8758  329
8759  385
8760  441
8761  259
8762  317
8763  373
8764  429
8765  243
8766  301
8767  357
8768  413
8769  254
8770  312
8771  368
8772  424
8773  252
8774  309
8775  365
8776  422
8777  304
8778  366
8779  423
8780  481
8781  255
8782  314
8783  369
8784  425
8785  256
8786  313
8787  371
8788  427
8789  252
8790  309
8791  365
8792  421
8793  280
8794  340
8795  396
8796  467
8797  258
8798  316
8799  386
8800  443
8801  260
8802  334
8803  391
8804  447
8805  272
8806  331
8807  387
8808  444
8809  284
8810  342
8811  398
8812  455
8813  255
8814  313
8815  369
8816  425
8817  268
8818  328
8819  383
8820  441
8821  271
8822  329
8823  385
8824  441
8825  258
8826  316
8827  372
8828  428
8829  251
8830  309
8831  365
8832  421
8833  268
8834  327
8835  382
8836  440
8837  263
8838  321
8839  378
8840  434
8841  253
8842  311
8843  367
8844  423
8845  260
8846  318
8847  374
8848  430
8849  269
8850  327
8851  383
8852  439
8853  259
8854  317
8855  373
8856  429
8857  311
8858  372
8859  429
8860  486
8861  270
8862  328
8863  385
8864  441
8865  258
8866  316
8867  373
8868  441
8869  292
8870  354
8871  427
8872  484
8873  302
8874  365
8875  421
8876  478
8877  274
8878  333
8879  389
8880  446
8881  288
8882  349
8883  406
8884  463
8885  261
8886  320
8887  376
8888  432
8889  257
8890  315
8891  371
8892  427
8893  256
8894  314
8895  371
8896  427
8897  275
8898  335
8899  391
8900  447
8901  270
8902  329
8903  385
8904  441
8905  261
8906  319
8907  376
8908  431
8909  257
8910  314
8911  370
8912  426
8913  283
8914  343
8915  400
8916  457
8917  277
8918  335
8919  391
8920  446
8921  276
8922  333
8923  390
8924  446
8925  262
8926  320
8927  376
8928  432
8929  254
8930  312
8931  368
8932  424
8933  252
8934  310
8935  366
8936  423
8937  321
8938  396
8939  456
8940  512
8941  272
8942  346
8943  402
8944  458
8945  274
8946  332
8947  388
8948  447
8949  257
8950  315
8951  371
8952  426
8953  269
8954  328
8955  385
8956  441
8957  261
8958  320
8959  375
8960  432
8961  284
8962  343
8963  399
8964  456
8965  250
8966  307
8967  363
8968  419
8969  263
8970  320
8971  377
8972  433
8973  261
8974  319
8975  374
8976  430
8977  275
8978  333
8979  389
8980  445
8981  269
8982  327
8983  384
8984  439
8985  251
8986  309
8987  365
8988  421
8989  255
8990  312
8991  368
8992  424
8993  270
8994  329
8995  384
8996  442
8997  264
8998  322
8999  379
9000  435
9001  257
9002  316
9003  372
9004  428
9005  251
9006  308
9007  364
9008  420
9009  254
9010  312
9011  368
9012  440
9013  254
9014  312
9015  383
9016  440
9017  323
9018  384
9019  441
9020  498
9021  264
9022  323
9023  379
9024  436
9025  269
9026  328
9027  385
9028  442
9029  260
9030  318
9031  375
9032  433
9033  307
9034  377
9035  448
9036  505
9037  262
9038  319
9039  375
9040  431
9041  285
9042  369
9043  427
9044  484
9045  255
9046  313
9047  369
9048  425
9049  277
9050  338
9051  394
9052  451
9053  253
9054  311
9055  368
9056  424
9057  269
9058  329
9059  386
9060  442
9061  259
9062  317
9063  374
9064  430
9065  296
9066  359
9067  417
9068  528
9069  284
9070  345
9071  401
9072  457
9073  284
9074  344
9075  400
9076  473
9077  268
9078  326
9079  396
9080  451
9081  262
9082  333
9083  390
9084  446
9085  265
9086  323
9087  379
9088  436
9089  265
9090  323
9091  380
9092  436
9093  466
9094  524
9095  580
9096  636
9097  306
9098  366
9099  423
9100  480
9101  266
9102  323
9103  379
9104  435
9105  299
9106  359
9107  416
9108  472
9109  255
9110  313
9111  370
9112  426
9113  280
9114  339
9115  395
9116  452
9117  255
9118  312
9119  368
9120  425
9121  278
9122  336
9123  392
9124  449
9125  258
9126  316
9127  373
9128  429
9129  261
9130  320
9131  376
9132  433
9133  261
9134  318
9135  374
9136  430
9137  309
9138  369
9139  426
9140  498
9141  257
9142  323
9143  392
9144  450
9145  273
9146  346
9147  403
9148  459
9149  263
9150  334
9151  390
9152  446
9153  286
9154  345
9155  401
9156  458
9157  262
9158  321
9159  377
9160  434
9161  259
9162  318
9163  374
9164  430
9165  248
9166  306
9167  362
9168  418
9169  276
9170  334
9171  391
9172  448
9173  254
9174  312
9175  369
9176  425
9177  306
9178  368
9179  425
9180  482
9181  256
9182  314
9183  370
9184  426
9185  261
9186  319
9187  375
9188  432
9189  252
9190  310
9191  367
9192  423
9193  279
9194  339
9195  395
9196  451
9197  258
9198  315
9199  372
9200  428
9201  282
9202  342
9203  399
9204  455
9205  266
9206  324
9207  380
9208  436
9209  270
9210  329
9211  386
9212  456
9213  259
9214  317
9215  387
9216  444
9217  255
9218  337
9219  394
9220  451
9221  290
9222  349
9223  406
9224  463
9225  265
9226  323
9227  379
9228  436
9229  242
9230  299
9231  356
9232  411
9233  271
9234  330
9235  387
9236  442
9237  272
9238  330
9239  387
9240  444
9241  256
9242  315
9243  371
9244  427
9245  258
9246  316
9247  372
9248  427
9249  255
9250  314
9251  369
9252  425
9253  253
9254  311
9255  368
9256  424
9257  302
9258  364
9259  421
9260  478
9261  264
9262  322
9263  378
9264  434
9265  273
9266  331
9267  387
9268  443
9269  288
9270  349
9271  405
9272  462
9273  292
9274  353
9275  409
9276  465
9277  267
9278  325
9279  381
9280  452
9281  258
9282  318
9283  389
9284  445
9285  253
9286  325
9287  381
9288  437
9289  271
9290  330
9291  386
9292  442
9293  269
9294  327
9295  383
9296  438
9297  274
9298  333
9299  390
9300  446
9301  248
9302  313
9303  369
9304  425
9305  261
9306  319
9307  375
9308  431
9309  259
9310  317
9311  374
9312  430
9313  282
9314  341
9315  398
9316  455
9317  273
9318  331
9319  387
9320  443
9321  273
9322  331
9323  387
9324  443
9325  263
9326  320
9327  377
9328  433
9329  262
9330  321
9331  377
9332  433
9333  253
9334  310
9335  366
9336  423
9337  315
9338  377
9339  434
9340  490
9341  276
9342  334
9343  390
9344  447
9345  263
9346  321
9347  377
9348  433
9349  251
9350  308
9351  364
9352  435
9353  282
9354  355
9355  414
9356  470
9357  267
9358  340
9359  396
9360  452
9361  298
9362  359
9363  416
9364  472
9365  248
9366  305
9367  361
9368  418
9369  260
9370  318
9371  374
9372  430
9373  250
9374  307
9375  364
9376  420
9377  285
9378  344
9379  400
9380  456
9381  267
9382  325
9383  381
9384  437
9385  261
9386  320
9387  377
9388  433
9389  250
9390  307
9391  364
9392  420
9393  281
9394  340
9395  398
9396  454
9397  252
9398  311
9399  367
9400  424
9401  260
9402  319
9403  376
9404  433
9405  256
9406  314
9407  371
9408  427
9409  263
9410  321
9411  378
9412  434
9413  247
9414  305
9415  361
9416  417
9417  296
9418  357
9419  414
9420  487
9421  257
9422  315
9423  383
9424  442
9425  258
9426  329
9427  387
9428  442
9429  256
9430  328
9431  383
9432  439
9433  305
9434  365
9435  422
9436  479
9437  267
9438  325
9439  381
9440  437
9441  261
9442  320
9443  376
9444  432
9445  250
9446  308
9447  363
9448  420
9449  255
9450  313
9451  370
9452  426
9453  266
9454  323
9455  379
9456  435
9457  282
9458  341
9459  397
9460  454
9461  264
9462  322
9463  378
9464  434
9465  261
9466  320
9467  376
9468  432
9469  250
9470  308
9471  364
9472  420
9473  287
9474  347
9475  404
9476  461
9477  255
9478  313
9479  369
9480  427
9481  258
9482  316
9483  372
9484  429
9485  255
9486  312
9487  369
9488  424
9489  257
9490  315
9491  371
9492  427
9493  265
9494  324
9495  380
9496  450
9497  315
9498  392
9499  449
9500  506
9501  276
9502  338
9503  395
9504  451
9505  279
9506  337
9507  394
9508  449
9509  252
9510  310
9511  366
9512  422
9513  280
9514  341
9515  397
9516  454
9517  253
9518  310
9519  367
9520  423
9521  275
9522  335
9523  391
9524  448
9525  254
9526  312
9527  368
9528  425
9529  253
9530  311
9531  367
9532  424
9533  258
9534  316
9535  371
9536  428
9537  311
9538  372
9539  428
9540  485
9541  266
9542  325
9543  381
9544  438
9545  269
9546  328
9547  385
9548  441
9549  261
9550  319
9551  375
9552  432
9553  289
9554  350
9555  406
9556  463
9557  265
9558  323
9559  379
9560  436
9561  257
9562  316
9563  372
9564  442
9565  249
9566  306
9567  375
9568  433
9569  264
9570  337
9571  393
9572  450
9573  266
9574  325
9575  382
9576  438
9577  305
9578  367
9579  425
9580  482
9581  259
9582  317
9583  373
9584  429
9585  262
9586  321
9587  377
9588  434
9589  266
9590  323
9591  380
9592  436
9593  282
9594  342
9595  398
9596  455
9597  266
9598  323
9599  379
9600  435
9601  262
9602  320
9603  376
9604  432
9605  264
9606  322
9607  378
9608  434
9609  256
9610  314
9611  370
9612  426
9613  259
9614  316
9615  372
9616  429
9617  293
9618  352
9619  408
9620  464
9621  260
9622  318
9623  374
9624  430
9625  259
9626  317
9627  373
9628  430
9629  249
9630  306
9631  361
9632  418
9633  276
9634  336
9635  392
9636  463
9637  254
9638  311
9639  382
9640  439
9641  258
9642  331
9643  388
9644  444
9645  264
9646  321
9647  378
9648  434
9649  269
9650  327
9651  384
9652  441
9653  255
9654  313
9655  369
9656  425
9657  307
9658  368
9659  424
9660  481
9661  256
9662  314
9663  369
9664  425
9665  270
9666  326
9667  383
9668  438
9669  290
9670  351
9671  407
9672  464
9673  287
9674  347
9675  403
9676  460
9677  261
9678  318
9679  374
9680  430
9681  274
9682  333
9683  389
9684  446
9685  253
9686  310
9687  366
9688  422
9689  262
9690  320
9691  376
9692  432
9693  269
9694  327
9695  383
9696  439
9697  251
9698  309
9699  365
9700  421
9701  273
9702  331
9703  386
9704  456
9705  257
9706  315
9707  386
9708  442
9709  262
9710  335
9711  391
9712  448
9713  300
9714  361
9715  418
9716  474
9717  263
9718  320
9719  376
9720  433
9721  272
9722  331
9723  387
9724  444
9725  257
9726  315
9727  371
9728  427
9729  256
9730  314
9731  370
9732  426
9733  267
9734  325
9735  382
9736  438
9737  317
9738  379
9739  436
9740  493
9741  288
9742  347
9743  404
9744  461
9745  258
9746  317
9747  372
9748  429
9749  250
9750  308
9751  364
9752  420
9753  286
9754  346
9755  402
9756  459
9757  267
9758  326
9759  382
9760  438
9761  256
9762  315
9763  372
9764  428
9765  254
9766  312
9767  368
9768  424
9769  255
9770  314
9771  371
9772  427
9773  269
9774  328
9775  383
9776  454
9777  257
9778  315
9779  397
9780  454
9781  271
9782  344
9783  401
9784  457
9785  273
9786  333
9787  389
9788  445
9789  264
9790  322
9791  378
9792  434
9793  285
9794  345
9795  402
9796  458
9797  251
9798  309
9799  365
9800  421
9801  276
9802  335
9803  392
9804  448
9805  248
9806  306
9807  362
9808  418
9809  256
9810  314
9811  371
9812  427
9813  307
9814  370
9815  427
9816  485
9817  293
9818  355
9819  412
9820  470
9821  262
9822  320
9823  377
9824  433
9825  265
9826  325
9827  381
9828  438
9829  250
9830  308
9831  365
9832  422
9833  279
9834  339
9835  396
9836  452
9837  273
9838  331
9839  388
9840  444
9841  279
9842  339
9843  397
9844  468
9845  265
9846  323
9847  393
9848  450
9849  263
9850  336
9851  393
9852  449
9853  285
9854  344
9855  400
9856  456
9857  273
9858  332
9859  389
9860  446
9861  259
9862  317
9863  373
9864  430
9865  261
9866  319
9867  375
9868  432
9869  253
9870  310
9871  367
9872  423
9873  291
9874  351
9875  408
9876  466
9877  253
9878  311
9879  367
9880  424
9881  257
9882  315
9883  372
9884  429
9885  260
9886  318
9887  375
9888  432
9889  257
9890  316
9891  373
9892  429
9893  297
9894  359
9895  416
9896  474
9897  274
9898  333
9899  391
9900  447
9901  262
9902  321
9903  377
9904  433
9905  271
9906  329
9907  386
9908  442
9909  254
9910  313
9911  369
9912  425
9913  285
9914  345
9915  416
9916  474
9917  259
9918  317
9919  387
9920  443
9921  257
9922  331
9923  387
9924  443
9925  273
9926  331
9927  388
9928  444
9929  264
9930  323
9931  380
9932  436
9933  279
9934  344
9935  400
9936  456
9937  288
9938  348
9939  405
9940  462
9941  260
9942  319
9943  375
9944  431
9945  261
9946  320
9947  376
9948  432
9949  246
9950  304
9951  359
9952  415
9953  288
9954  347
9955  403
9956  459
9957  251
9958  310
9959  366
9960  421
9961  264
9962  322
9963  378
9964  434
9965  263
9966  321
9967  377
9968  432
9969  253
9970  311
9971  368
9972  423
9973  308
9974  369
9975  425
9976  482
9977  264
9978  322
9979  378
9980  434
9981  252
9982  310
9983  365
9984  433
9985  255
9986  313
9987  381
9988  439
9989  257
9990  327
9991  385
9992  441
9993  294
9994  354
9995  410
9996  467
9997  275
9998  334
9999  390
min: 242 mean: 356.619 max: 636 sdev: 67.2828
