0  635
1  253
2  310
3  364
4  419
5  474
6  529
7  583
8  639
9  250
10  318
11  373
12  428
13  483
14  537
15  591
16  646
17  246
18  309
19  364
20  419
21  473
22  528
23  583
24  638
25  259
26  317
27  372
28  427
29  482
30  536
31  590
32  645
33  255
34  312
35  367
36  422
37  476
38  531
39  585
40  640
41  244
42  314
43  370
44  424
45  479
46  533
47  588
48  643
49  259
50  315
51  370
52  425
53  480
54  534
55  589
56  658
57  274
58  331
59  387
60  441
61  497
62  551
63  621
64  676
65  271
66  328
67  383
68  438
69  493
70  562
71  618
72  672
73  260
74  317
75  372
76  427
77  496
78  550
79  605
80  659
81  255
82  312
83  367
84  435
85  490
86  544
87  600
88  654
89  251
90  307
91  372
92  430
93  485
94  540
95  595
96  649
97  252
98  307
99  376
100  431
101  485
102  539
103  594
104  650
105  248
106  317
107  372
108  427
109  482
110  536
111  591
112  646
113  264
114  321
115  376
116  431
117  485
118  540
119  595
120  650
121  277
122  333
123  388
124  443
125  498
126  552
127  607
128  661
129  252
130  309
131  364
132  418
133  473
134  527
135  582
136  636
137  311
138  370
139  427
140  482
141  537
142  592
143  647
144  702
145  271
146  328
147  383
148  438
149  493
150  547
151  602
152  656
153  246
154  301
155  357
156  412
157  468
158  522
159  576
160  631
161  258
162  315
163  371
164  425
165  480
166  535
167  590
168  645
169  267
170  324
171  380
172  435
173  490
174  545
175  599
176  654
177  272
178  329
179  384
180  440
181  494
182  549
183  603
184  658
185  249
186  308
187  363
188  418
189  473
190  528
191  583
192  637
193  274
194  331
195  386
196  441
197  496
198  551
199  606
200  660
201  243
202  313
203  369
204  424
205  479
206  534
207  589
208  658
209  224
210  294
211  349
212  405
213  460
214  515
215  569
216  638
217  274
218  330
219  385
220  440
221  495
222  563
223  618
224  673
225  263
226  320
227  376
228  430
229  485
230  553
231  608
232  663
233  258
234  315
235  370
236  425
237  493
238  548
239  603
240  658
241  256
242  313
243  367
244  436
245  492
246  546
247  601
248  656
249  250
250  307
251  375
252  430
253  485
254  539
255  595
256  649
257  258
258  328
259  383
260  439
261  494
262  548
263  603
264  658
265  254
266  325
267  381
268  435
269  491
270  546
271  601
272  655
273  266
274  323
275  378
276  433
277  488
278  543
279  597
280  652
281  255
282  312
283  366
284  421
285  477
286  532
287  586
288  641
289  258
290  315
291  369
292  424
293  479
294  534
295  589
296  644
297  306
298  366
299  422
300  478
301  533
302  589
303  644
304  699
305  232
306  311
307  366
308  421
309  476
310  531
311  586
312  641
313  240
314  296
315  351
316  406
317  461
318  516
319  571
320  626
321  256
322  313
323  369
324  424
325  478
326  533
327  588
328  643
329  265
330  322
331  377
332  432
333  487
334  542
335  597
336  652
337  259
338  317
339  372
340  427
341  481
342  536
343  590
344  646
345  258
346  315
347  370
348  424
349  479
350  534
351  589
352  644
353  247
354  304
355  359
356  414
357  469
358  524
359  579
360  634
361  241
362  310
363  376
364  431
365  486
366  541
367  595
368  662
369  274
370  331
371  386
372  441
373  496
374  551
375  617
376  673
377  268
378  326
379  381
380  437
381  492
382  545
383  616
384  671
385  241
386  298
387  353
388  407
389  462
390  529
391  584
392  638
393  248
394  304
395  358
396  412
397  480
398  535
399  590
400  644
401  248
402  305
403  359
404  426
405  482
406  537
407  592
408  647
409  260
410  316
411  384
412  440
413  494
414  548
415  603
416  657
417  250
418  306
419  374
420  428
421  483
422  538
423  593
424  647
425  263
426  333
427  387
428  442
429  497
430  551
431  605
432  659
433  263
434  320
435  374
436  429
437  484
438  538
439  593
440  648
441  265
442  322
443  376
444  431
445  486
446  541
447  595
448  649
449  243
450  300
451  355
452  410
453  464
454  518
455  573
456  627
457  303
458  363
459  418
460  474
461  530
462  584
463  639
464  694
465  267
466  324
467  379
468  434
469  489
470  543
471  598
472  652
473  255
474  312
475  366
476  422
477  477
478  532
479  587
480  641
481  297
482  356
483  412
484  467
485  524
486  577
487  632
488  687
489  283
490  340
491  395
492  449
493  504
494  559
495  613
496  668
497  261
498  319
499  374
500  429
501  483
502  537
503  592
504  647
505  274
506  332
507  387
508  443
509  497
510  552
511  606
512  661
513  244
514  301
515  355
516  411
517  465
518  520
519  575
520  629
521  243
522  316
523  371
524  426
525  481
526  536
527  590
528  659
529  243
530  313
531  368
532  423
533  478
534  533
535  602
536  657
537  251
538  318
539  373
540  428
541  482
542  551
543  607
544  661
545  240
546  296
547  351
548  407
549  461
550  531
551  586
552  641
553  237
554  293
555  348
556  403
557  472
558  527
559  581
560  636
561  256
562  313
563  368
564  435
565  490
566  546
567  601
568  655
569  254
570  311
571  380
572  435
573  490
574  545
575  598
576  654
577  253
578  324
579  380
580  434
581  489
582  544
583  598
584  653
585  267
586  324
587  379
588  434
589  489
590  544
591  599
592  653
593  271
594  328
595  383
596  438
597  493
598  547
599  602
600  656
601  294
602  355
603  411
604  467
605  521
606  577
607  632
608  687
609  258
610  316
611  371
612  426
613  481
614  536
615  591
616  646
617  319
618  378
619  434
620  490
621  545
622  601
623  656
624  711
625  275
626  334
627  389
628  444
629  498
630  553
631  607
632  662
633  251
634  308
635  362
636  417
637  474
638  528
639  581
640  636
641  253
642  309
643  365
644  420
645  474
646  529
647  583
648  638
649  270
650  327
651  383
652  438
653  493
654  548
655  602
656  657
657  265
658  321
659  376
660  431
661  486
662  541
663  595
664  651
665  250
666  306
667  361
668  416
669  471
670  526
671  581
672  636
673  247
674  303
675  359
676  414
677  469
678  524
679  578
680  646
681  261
682  329
683  384
684  438
685  493
686  548
687  616
688  670
689  232
690  308
691  364
692  419
693  473
694  528
695  597
696  652
697  254
698  310
699  366
700  420
701  475
702  555
703  610
704  665
705  249
706  305
707  359
708  414
709  483
710  537
711  592
712  647
713  240
714  303
715  358
716  427
717  482
718  537
719  591
720  645
721  251
722  307
723  375
724  431
725  485
726  539
727  594
728  649
729  256
730  326
731  381
732  436
733  490
734  545
735  599
736  654
737  265
738  324
739  378
740  433
741  488
742  543
743  598
744  652
745  262
746  319
747  374
748  429
749  483
750  539
751  593
752  647
753  253
754  310
755  365
756  420
757  474
758  529
759  583
760  638
761  246
762  303
763  358
764  412
765  467
766  521
767  576
768  630
769  266
770  323
771  378
772  433
773  487
774  542
775  596
776  651
777  318
778  378
779  434
780  490
781  546
782  600
783  655
784  710
785  266
786  323
787  378
788  433
789  488
790  542
791  597
792  651
793  250
794  307
795  362
796  417
797  471
798  526
799  580
800  635
801  257
802  313
803  368
804  423
805  478
806  532
807  587
808  642
809  252
810  326
811  381
812  436
813  491
814  546
815  600
816  655
817  277
818  334
819  389
820  444
821  498
822  553
823  607
824  663
825  261
826  318
827  374
828  429
829  483
830  539
831  593
832  648
833  259
834  315
835  370
836  425
837  480
838  534
839  589
840  657
841  262
842  330
843  385
844  441
845  495
846  550
847  618
848  673
849  243
850  309
851  365
852  420
853  475
854  543
855  599
856  653
857  250
858  307
859  363
860  418
861  483
862  542
863  597
864  652
865  259
866  316
867  371
868  438
869  495
870  550
871  604
872  658
873  236
874  292
875  347
876  417
877  472
878  526
879  581
880  636
881  243
882  299
883  369
884  424
885  479
886  534
887  588
888  643
889  252
890  322
891  379
892  434
893  488
894  543
895  597
896  653
897  262
898  318
899  373
900  428
901  483
902  537
903  592
904  647
905  259
906  315
907  370
908  425
909  480
910  534
911  589
912  644
913  251
914  308
915  363
916  418
917  473
918  528
919  582
920  637
921  253
922  328
923  383
924  438
925  493
926  548
927  602
928  657
929  256
930  312
931  367
932  423
933  478
934  532
935  587
936  641
937  314
938  374
939  429
940  486
941  542
942  597
943  651
944  706
945  271
946  345
947  400
948  455
949  510
950  565
951  620
952  675
953  250
954  308
955  364
956  419
957  474
958  528
959  583
960  638
961  257
962  313
963  368
964  423
965  477
966  532
967  587
968  642
969  246
970  311
971  366
972  421
973  476
974  530
975  585
976  640
977  248
978  311
979  366
980  421
981  475
982  541
983  609
984  665
985  244
986  301
987  374
988  430
989  485
990  539
991  594
992  649
993  262
994  319
995  374
996  429
997  484
998  538
999  593
1000  662
1001  267
1002  334
1003  389
1004  444
1005  499
1006  554
1007  624
1008  679
1009  252
1010  316
1011  372
1012  426
1013  481
1014  549
1015  604
1016  659
1017  252
1018  308
1019  364
1020  419
1021  486
1022  542
1023  597
1024  651
1025  258
1026  314
1027  370
1028  436
1029  492
1030  547
1031  602
1032  656
1033  254
1034  312
1035  368
1036  436
1037  491
1038  545
1039  600
1040  655
1041  256
1042  313
1043  381
1044  436
1045  490
1046  545
1047  600
1048  655
1049  256
1050  327
1051  381
1052  437
1053  492
1054  546
1055  602
1056  656
1057  272
1058  329
1059  384
1060  439
1061  494
1062  548
1063  603
1064  658
1065  255
1066  311
1067  366
1068  420
1069  475
1070  529
1071  584
1072  638
1073  265
1074  321
1075  376
1076  431
1077  485
1078  540
1079  594
1080  648
1081  258
1082  315
1083  369
1084  424
1085  479
1086  534
1087  588
1088  643
1089  253
1090  310
1091  365
1092  421
1093  476
1094  530
1095  585
1096  639
1097  306
1098  366
1099  423
1100  478
1101  534
1102  588
1103  643
1104  699
1105  236
1106  302
1107  358
1108  413
1109  467
1110  522
1111  577
1112  632
1113  255
1114  312
1115  367
1116  422
1117  477
1118  531
1119  586
1120  641
1121  254
1122  310
1123  365
1124  420
1125  475
1126  530
1127  584
1128  639
1129  241
1130  303
1131  358
1132  414
1133  469
1134  523
1135  577
1136  632
1137  269
1138  326
1139  381
1140  436
1141  490
1142  544
1143  599
1144  654
1145  279
1146  338
1147  393
1148  448
1149  503
1150  558
1151  613
1152  682
1153  249
1154  306
1155  361
1156  416
1157  471
1158  526
1159  580
1160  649
1161  263
1162  329
1163  384
1164  438
1165  493
1166  547
1167  615
1168  670
1169  228
1170  301
1171  356
1172  411
1173  466
1174  536
1175  592
1176  646
1177  242
1178  299
1179  353
1180  408
1181  477
1182  533
1183  587
1184  642
1185  252
1186  308
1187  363
1188  431
1189  487
1190  542
1191  596
1192  651
1193  257
1194  315
1195  383
1196  438
1197  493
1198  548
1199  603
1200  657
1201  250
1202  305
1203  390
1204  446
1205  500
1206  555
1207  610
1208  665
1209  246
1210  317
1211  372
1212  427
1213  481
1214  535
1215  591
1216  645
1217  267
1218  325
1219  379
1220  434
1221  489
1222  544
1223  598
1224  652
1225  265
1226  321
1227  376
1228  432
1229  487
1230  542
1231  596
1232  651
1233  258
1234  314
1235  369
1236  424
1237  479
1238  533
1239  588
1240  643
1241  259
1242  315
1243  370
1244  425
1245  480
1246  535
1247  589
1248  644
1249  268
1250  325
1251  380
1252  435
1253  489
1254  544
1255  599
1256  653
1257  287
1258  347
1259  403
1260  459
1261  514
1262  569
1263  624
1264  679
1265  244
1266  309
1267  364
1268  419
1269  474
1270  528
1271  584
1272  638
1273  253
1274  310
1275  365
1276  420
1277  474
1278  530
1279  584
1280  639
1281  275
1282  335
1283  391
1284  447
1285  503
1286  557
1287  612
1288  667
1289  272
1290  328
1291  384
1292  438
1293  494
1294  548
1295  603
1296  658
1297  249
1298  313
1299  368
1300  424
1301  478
1302  533
1303  588
1304  643
1305  249
1306  306
1307  361
1308  416
1309  471
1310  526
1311  580
1312  649
1313  252
1314  308
1315  363
1316  418
1317  473
1318  528
1319  597
1320  652
1321  240
1322  318
1323  373
1324  428
1325  482
1326  553
1327  608
1328  662
1329  281
1330  338
1331  393
1332  448
1333  517
1334  572
1335  627
1336  682
1337  250
1338  306
1339  362
1340  429
1341  486
1342  541
1343  595
1344  650
1345  253
1346  310
1347  364
1348  432
1349  487
1350  541
1351  596
1352  651
1353  249
1354  306
1355  375
1356  430
1357  484
1358  539
1359  594
1360  649
1361  267
1362  336
1363  391
1364  445
1365  499
1366  554
1367  609
1368  663
1369  255
1370  311
1371  366
1372  421
1373  476
1374  530
1375  585
1376  640
1377  261
1378  317
1379  373
1380  427
1381  482
1382  537
1383  591
1384  645
1385  243
1386  299
1387  354
1388  409
1389  464
1390  518
1391  573
1392  627
1393  245
1394  302
1395  357
1396  412
1397  466
1398  521
1399  576
1400  630
1401  261
1402  317
1403  372
1404  427
1405  481
1406  537
1407  591
1408  646
1409  250
1410  307
1411  362
1412  417
1413  473
1414  528
1415  582
1416  637
1417  310
1418  370
1419  426
1420  483
1421  538
1422  593
1423  648
1424  703
1425  238
1426  304
1427  359
1428  414
1429  469
1430  523
1431  578
1432  632
1433  252
1434  308
1435  363
1436  418
1437  473
1438  527
1439  582
1440  637
1441  246
1442  303
1443  358
1444  413
1445  468
1446  522
1447  577
1448  631
1449  268
1450  325
1451  380
1452  435
1453  490
1454  545
1455  600
1456  654
1457  279
1458  336
1459  391
1460  445
1461  500
1462  555
1463  609
1464  677
1465  269
1466  327
1467  382
1468  438
1469  493
1470  548
1471  603
1472  672
1473  247
1474  304
1475  359
1476  414
1477  470
1478  524
1479  594
1480  649
1481  258
1482  314
1483  370
1484  436
1485  491
1486  559
1487  614
1488  669
1489  232
1490  308
1491  364
1492  418
1493  487
1494  541
1495  596
1496  651
1497  264
1498  320
1499  375
1500  444
1501  499
1502  554
1503  609
1504  663
1505  253
1506  309
1507  364
1508  432
1509  488
1510  543
1511  597
1512  652
1513  242
1514  298
1515  367
1516  422
1517  477
1518  531
1519  586
1520  641
1521  250
1522  321
1523  376
1524  431
1525  487
1526  541
1527  595
1528  650
1529  261
1530  318
1531  372
1532  428
1533  482
1534  537
1535  592
1536  646
1537  264
1538  321
1539  376
1540  430
1541  486
1542  540
1543  595
1544  650
1545  261
1546  317
1547  372
1548  427
1549  482
1550  537
1551  592
1552  646
1553  245
1554  302
1555  357
1556  412
1557  466
1558  521
1559  576
1560  630
1561  252
1562  308
1563  364
1564  419
1565  474
1566  529
1567  583
1568  638
1569  250
1570  306
1571  362
1572  417
1573  472
1574  526
1575  581
1576  636
1577  304
1578  364
1579  420
1580  476
1581  532
1582  587
1583  642
1584  697
1585  280
1586  336
1587  392
1588  447
1589  502
1590  556
1591  611
1592  665
1593  259
1594  316
1595  371
1596  426
1597  482
1598  536
1599  591
1600  646
1601  248
1602  305
1603  361
1604  416
1605  470
1606  525
1607  579
1608  635
1609  257
1610  320
1611  376
1612  430
1613  485
1614  540
1615  594
1616  649
1617  245
1618  313
1619  368
1620  424
1621  478
1622  533
1623  587
1624  643
1625  242
1626  299
1627  354
1628  409
1629  464
1630  518
1631  573
1632  642
1633  260
1634  317
1635  371
1636  427
1637  481
1638  536
1639  605
1640  661
1641  260
1642  327
1643  382
1644  438
1645  493
1646  561
1647  616
1648  671
1649  237
1650  307
1651  362
1652  417
1653  472
1654  540
1655  595
1656  650
1657  275
1658  332
1659  388
1660  456
1661  512
1662  567
1663  622
1664  676
1665  240
1666  296
1667  352
1668  421
1669  476
1670  530
1671  584
1672  639
1673  243
1674  300
1675  369
1676  425
1677  479
1678  534
1679  589
1680  644
1681  264
1682  334
1683  390
1684  445
1685  500
1686  555
1687  609
1688  665
1689  263
1690  319
1691  375
1692  430
1693  486
1694  539
1695  594
1696  650
1697  274
1698  330
1699  385
1700  440
1701  495
1702  549
1703  604
1704  658
1705  252
1706  308
1707  363
1708  419
1709  473
1710  528
1711  583
1712  637
1713  254
1714  311
1715  366
1716  421
1717  475
1718  530
1719  585
1720  639
1721  249
1722  322
1723  377
1724  432
1725  487
1726  542
1727  596
1728  651
1729  270
1730  327
1731  381
1732  436
1733  492
1734  546
1735  601
1736  655
1737  302
1738  363
1739  419
1740  475
1741  531
1742  585
1743  641
1744  696
1745  257
1746  314
1747  369
1748  424
1749  479
1750  533
1751  588
1752  643
1753  256
1754  312
1755  367
1756  420
1757  474
1758  530
1759  584
1760  639
1761  252
1762  309
1763  363
1764  418
1765  473
1766  527
1767  581
1768  636
1769  246
1770  310
1771  364
1772  419
1773  474
1774  529
1775  583
1776  638
1777  248
1778  310
1779  365
1780  420
1781  474
1782  529
1783  583
1784  638
1785  266
1786  325
1787  380
1788  435
1789  490
1790  545
1791  599
1792  669
1793  259
1794  316
1795  371
1796  426
1797  481
1798  535
1799  604
1800  659
1801  262
1802  331
1803  386
1804  441
1805  495
1806  563
1807  617
1808  672
1809  242
1810  311
1811  365
1812  420
1813  488
1814  543
1815  598
1816  652
1817  252
1818  308
1819  363
1820  430
1821  487
1822  540
1823  596
1824  650
1825  250
1826  307
1827  362
1828  430
1829  485
1830  539
1831  593
1832  648
1833  247
1834  303
1835  372
1836  427
1837  482
1838  537
1839  591
1840  646
1841  259
1842  329
1843  384
1844  439
1845  493
1846  548
1847  603
1848  657
1849  275
1850  331
1851  387
1852  441
1853  496
1854  550
1855  604
1856  659
1857  264
1858  321
1859  376
1860  431
1861  485
1862  540
1863  594
1864  649
1865  256
1866  312
1867  367
1868  422
1869  476
1870  531
1871  586
1872  640
1873  245
1874  302
1875  357
1876  412
1877  467
1878  521
1879  576
1880  630
1881  259
1882  316
1883  370
1884  425
1885  480
1886  535
1887  589
1888  644
1889  245
1890  302
1891  356
1892  411
1893  467
1894  521
1895  575
1896  630
1897  291
1898  352
1899  408
1900  463
1901  518
1902  573
1903  627
1904  682
1905  273
1906  330
1907  385
1908  439
1909  494
1910  549
1911  604
1912  658
1913  253
1914  310
1915  365
1916  420
1917  475
1918  529
1919  584
1920  638
1921  257
1922  313
1923  369
1924  424
1925  479
1926  533
1927  588
1928  643
1929  272
1930  329
1931  384
1932  439
1933  494
1934  548
1935  603
1936  657
1937  266
1938  323
1939  378
1940  433
1941  488
1942  542
1943  597
1944  652
1945  248
1946  305
1947  359
1948  414
1949  469
1950  524
1951  578
1952  646
1953  252
1954  309
1955  364
1956  419
1957  474
1958  529
1959  597
1960  653
1961  232
1962  301
1963  368
1964  423
1965  478
1966  544
1967  601
1968  656
1969  245
1970  312
1971  367
1972  422
1973  477
1974  545
1975  600
1976  654
1977  246
1978  303
1979  359
1980  414
1981  482
1982  537
1983  591
1984  646
1985  251
1986  308
1987  363
1988  433
1989  487
1990  542
1991  597
1992  651
1993  251
1994  308
1995  377
1996  432
1997  487
1998  541
1999  596
2000  650
2001  269
2002  338
2003  393
2004  447
2005  503
2006  558
2007  612
2008  667
2009  245
2010  313
2011  368
2012  422
2013  477
2014  532
2015  587
2016  642
2017  267
2018  324
2019  379
2020  433
2021  490
2022  543
2023  598
2024  652
2025  263
2026  320
2027  374
2028  429
2029  484
2030  539
2031  593
2032  648
2033  236
2034  292
2035  347
2036  402
2037  457
2038  512
2039  566
2040  620
2041  250
2042  308
2043  363
2044  418
2045  473
2046  528
2047  582
2048  637
2049  275
2050  332
2051  387
2052  442
2053  497
2054  552
2055  607
2056  661
2057  306
2058  366
2059  422
2060  478
2061  533
2062  587
2063  642
2064  697
2065  253
2066  310
2067  365
2068  420
2069  474
2070  528
2071  583
2072  638
2073  257
2074  314
2075  369
2076  424
2077  478
2078  533
2079  588
2080  642
2081  282
2082  342
2083  399
2084  454
2085  509
2086  564
2087  619
2088  673
2089  280
2090  337
2091  391
2092  446
2093  501
2094  556
2095  611
2096  665
2097  273
2098  331
2099  387
2100  441
2101  496
2102  551
2103  606
2104  676
2105  253
2106  310
2107  365
2108  420
2109  474
2110  529
2111  584
2112  653
2113  252
2114  308
2115  363
2116  418
2117  473
2118  527
2119  597
2120  652
2121  242
2122  316
2123  372
2124  427
2125  482
2126  551
2127  606
2128  660
2129  232
2130  303
2131  358
2132  413
2133  482
2134  537
2135  592
2136  646
2137  261
2138  317
2139  371
2140  441
2141  497
2142  550
2143  605
2144  660
2145  253
2146  309
2147  377
2148  433
2149  487
2150  542
2151  596
2152  651
2153  254
2154  323
2155  380
2156  435
2157  490
2158  544
2159  599
2160  654
2161  243
2162  314
2163  369
2164  424
2165  478
2166  534
2167  588
2168  642
2169  269
2170  325
2171  380
2172  436
2173  491
2174  545
2175  599
2176  655
2177  262
2178  319
2179  374
2180  429
2181  484
2182  538
2183  593
2184  648
2185  246
2186  302
2187  357
2188  412
2189  466
2190  521
2191  576
2192  630
2193  245
2194  302
2195  356
2196  412
2197  466
2198  520
2199  575
2200  629
2201  266
2202  322
2203  378
2204  432
2205  487
2206  541
2207  596
2208  651
2209  256
2210  313
2211  367
2212  422
2213  477
2214  532
2215  587
2216  641
2217  300
2218  361
2219  417
2220  473
2221  529
2222  584
2223  638
2224  693
2225  259
2226  328
2227  383
2228  438
2229  493
2230  548
2231  603
2232  657
2233  256
2234  312
2235  367
2236  423
2237  476
2238  532
2239  586
2240  641
2241  259
2242  315
2243  371
2244  427
2245  480
2246  535
2247  590
2248  644
2249  267
2250  324
2251  379
2252  434
2253  489
2254  544
2255  599
2256  654
2257  274
2258  331
2259  386
2260  441
2261  496
2262  551
2263  605
2264  676
2265  256
2266  314
2267  369
2268  424
2269  479
2270  533
2271  599
2272  656
2273  250
2274  306
2275  360
2276  415
2277  470
2278  524
2279  593
2280  648
2281  248
2282  327
2283  382
2284  437
2285  505
2286  561
2287  616
2288  670
2289  233
2290  304
2291  360
2292  415
2293  484
2294  539
2295  594
2296  649
2297  246
2298  303
2299  358
2300  428
2301  484
2302  538
2303  593
2304  648
2305  256
2306  313
2307  382
2308  437
2309  491
2310  546
2311  601
2312  656
2313  252
2314  322
2315  378
2316  433
2317  487
2318  542
2319  597
2320  652
2321  250
2322  320
2323  374
2324  430
2325  484
2326  539
2327  594
2328  649
2329  258
2330  315
2331  370
2332  425
2333  479
2334  535
2335  589
2336  644
2337  253
2338  309
2339  364
2340  419
2341  473
2342  528
2343  583
2344  637
2345  246
2346  302
2347  357
2348  412
2349  466
2350  521
2351  575
2352  630
2353  240
2354  297
2355  352
2356  407
2357  461
2358  516
2359  570
2360  624
2361  266
2362  323
2363  377
2364  432
2365  487
2366  541
2367  596
2368  650
2369  251
2370  308
2371  362
2372  418
2373  472
2374  527
2375  582
2376  636
2377  297
2378  358
2379  414
2380  470
2381  526
2382  581
2383  636
2384  691
2385  263
2386  321
2387  376
2388  431
2389  486
2390  541
2391  596
2392  651
2393  246
2394  302
2395  358
2396  413
2397  468
2398  523
2399  577
2400  632
2401  253
2402  316
2403  371
2404  426
2405  480
2406  535
2407  590
2408  645
2409  249
2410  316
2411  372
2412  427
2413  482
2414  536
2415  591
2416  646
2417  282
2418  341
2419  397
2420  452
2421  508
2422  562
2423  617
2424  687
2425  254
2426  310
2427  365
2428  421
2429  475
2430  530
2431  596
2432  653
2433  257
2434  313
2435  368
2436  423
2437  477
2438  544
2439  601
2440  656
2441  241
2442  317
2443  372
2444  427
2445  482
2446  550
2447  604
2448  659
2449  239
2450  310
2451  365
2452  420
2453  489
2454  544
2455  599
2456  653
2457  259
2458  317
2459  373
2460  442
2461  497
2462  551
2463  605
2464  660
2465  252
2466  309
2467  379
2468  434
2469  488
2470  543
2471  597
2472  652
2473  247
2474  318
2475  373
2476  428
2477  482
2478  536
2479  591
2480  645
2481  238
2482  310
2483  364
2484  419
2485  474
2486  528
2487  583
2488  638
2489  259
2490  316
2491  371
2492  426
2493  480
2494  535
2495  589
2496  643
2497  250
2498  307
2499  362
2500  416
2501  471
2502  525
2503  580
2504  634
2505  248
2506  304
2507  359
2508  414
2509  469
2510  524
2511  578
2512  633
2513  244
2514  301
2515  356
2516  410
2517  465
2518  519
2519  574
2520  628
2521  251
2522  319
2523  374
2524  429
2525  484
2526  538
2527  593
2528  647
2529  257
2530  313
2531  368
2532  423
2533  477
2534  531
2535  586
2536  640
2537  287
2538  347
2539  404
2540  460
2541  516
2542  571
2543  626
2544  681
2545  299
2546  371
2547  426
2548  482
2549  537
2550  592
2551  647
2552  702
2553  245
2554  302
2555  357
2556  412
2557  467
2558  522
2559  576
2560  631
2561  257
2562  314
2563  369
2564  424
2565  478
2566  532
2567  587
2568  641
2569  256
2570  319
2571  374
2572  428
2573  483
2574  538
2575  592
2576  647
2577  261
2578  318
2579  373
2580  427
2581  482
2582  536
2583  590
2584  659
2585  251
2586  308
2587  363
2588  418
2589  472
2590  526
2591  595
2592  650
2593  260
2594  317
2595  372
2596  427
2597  482
2598  550
2599  605
2600  660
2601  242
2602  321
2603  377
2604  431
2605  500
2606  555
2607  610
2608  664
2609  267
2610  324
2611  379
2612  449
2613  504
2614  559
2615  614
2616  669
2617  255
2618  311
2619  378
2620  436
2621  491
2622  545
2623  600
2624  654
2625  262
2626  319
2627  388
2628  442
2629  497
2630  552
2631  607
2632  662
2633  249
2634  319
2635  374
2636  430
2637  484
2638  539
2639  594
2640  648
2641  258
2642  314
2643  369
2644  423
2645  478
2646  532
2647  587
2648  642
2649  260
2650  316
2651  372
2652  427
2653  482
2654  536
2655  590
2656  645
2657  249
2658  307
2659  361
2660  416
2661  471
2662  526
2663  581
2664  634
2665  236
2666  293
2667  347
2668  402
2669  457
2670  512
2671  567
2672  621
2673  246
2674  303
2675  358
2676  425
2677  480
2678  534
2679  589
2680  644
2681  233
2682  303
2683  359
2684  414
2685  468
2686  523
2687  577
2688  633
2689  248
2690  305
2691  361
2692  415
2693  470
2694  525
2695  580
2696  635
2697  298
2698  358
2699  414
2700  470
2701  525
2702  581
2703  635
2704  690
2705  256
2706  312
2707  367
2708  422
2709  476
2710  531
2711  586
2712  641
2713  256
2714  312
2715  367
2716  422
2717  477
2718  532
2719  587
2720  642
2721  247
2722  304
2723  359
2724  413
2725  469
2726  523
2727  578
2728  632
2729  246
2730  309
2731  363
2732  419
2733  473
2734  527
2735  582
2736  637
2737  271
2738  330
2739  385
2740  439
2741  494
2742  549
2743  603
2744  674
2745  255
2746  312
2747  367
2748  422
2749  476
2750  532
2751  601
2752  657
2753  243
2754  300
2755  354
2756  409
2757  464
2758  530
2759  587
2760  642
2761  254
2762  323
2763  379
2764  434
2765  502
2766  557
2767  611
2768  666
2769  254
2770  318
2771  373
2772  440
2773  497
2774  551
2775  606
2776  661
2777  252
2778  309
2779  365
2780  432
2781  488
2782  543
2783  596
2784  651
2785  246
2786  302
2787  372
2788  427
2789  482
2790  536
2791  590
2792  644
2793  252
2794  324
2795  379
2796  434
2797  489
2798  543
2799  598
2800  652
2801  253
2802  317
2803  379
2804  434
2805  489
2806  543
2807  598
2808  653
2809  261
2810  317
2811  372
2812  427
2813  482
2814  537
2815  591
2816  646
2817  240
2818  298
2819  353
2820  408
2821  462
2822  517
2823  572
2824  626
2825  250
2826  307
2827  362
2828  417
2829  472
2830  527
2831  581
2832  636
2833  237
2834  293
2835  348
2836  403
2837  458
2838  512
2839  567
2840  621
2841  261
2842  317
2843  373
2844  427
2845  482
2846  537
2847  591
2848  646
2849  252
2850  309
2851  363
2852  419
2853  474
2854  528
2855  583
2856  637
2857  296
2858  356
2859  412
2860  468
2861  524
2862  579
2863  634
2864  689
2865  272
2866  329
2867  384
2868  439
2869  493
2870  548
2871  603
2872  659
2873  251
2874  307
2875  363
2876  418
2877  473
2878  529
2879  583
2880  638
2881  295
2882  355
2883  411
2884  467
2885  521
2886  576
2887  631
2888  687
2889  271
2890  329
2891  384
2892  439
2893  493
2894  548
2895  603
2896  672
2897  273
2898  331
2899  386
2900  441
2901  496
2902  550
2903  618
2904  674
2905  253
2906  310
2907  365
2908  420
2909  475
2910  530
2911  599
2912  655
2913  250
2914  307
2915  362
2916  417
2917  472
2918  540
2919  595
2920  650
2921  241
2922  320
2923  375
2924  430
2925  499
2926  554
2927  608
2928  663
2929  242
2930  310
2931  365
2932  434
2933  489
2934  544
2935  599
2936  653
2937  251
2938  307
2939  375
2940  432
2941  487
2942  541
2943  596
2944  650
2945  258
2946  327
2947  385
2948  439
2949  494
2950  548
2951  603
2952  658
2953  250
2954  321
2955  377
2956  432
2957  487
2958  541
2959  596
2960  651
2961  268
2962  325
2963  379
2964  434
2965  489
2966  544
2967  599
2968  653
2969  261
2970  318
2971  373
2972  428
2973  483
2974  538
2975  592
2976  647
2977  257
2978  314
2979  369
2980  424
2981  479
2982  533
2983  587
2984  642
2985  251
2986  307
2987  361
2988  417
2989  471
2990  525
2991  580
2992  635
2993  254
2994  310
2995  365
2996  420
2997  475
2998  530
2999  584
3000  639
3001  246
3002  309
3003  364
3004  418
3005  473
3006  528
3007  583
3008  637
3009  294
3010  356
3011  411
3012  467
3013  522
3014  578
3015  633
3016  688
3017  294
3018  354
3019  409
3020  465
3021  520
3022  574
3023  630
3024  685
3025  268
3026  325
3027  380
3028  435
3029  490
3030  545
3031  600
3032  654
3033  259
3034  315
3035  371
3036  426
3037  480
3038  535
3039  590
3040  644
3041  252
3042  309
3043  364
3044  419
3045  473
3046  528
3047  582
3048  637
3049  274
3050  332
3051  387
3052  442
3053  497
3054  552
3055  606
3056  674
3057  287
3058  346
3059  401
3060  457
3061  512
3062  566
3063  635
3064  692
3065  260
3066  317
3067  372
3068  427
3069  482
3070  537
3071  605
3072  660
3073  265
3074  322
3075  377
3076  432
3077  487
3078  556
3079  611
3080  666
3081  254
3082  311
3083  383
3084  438
3085  506
3086  562
3087  616
3088  671
3089  231
3090  316
3091  372
3092  441
3093  496
3094  550
3095  605
3096  660
3097  260
3098  316
3099  385
3100  441
3101  496
3102  551
3103  605
3104  660
3105  252
3106  308
3107  376
3108  432
3109  487
3110  541
3111  596
3112  650
3113  241
3114  312
3115  367
3116  422
3117  477
3118  532
3119  587
3120  642
3121  269
3122  326
3123  381
3124  436
3125  490
3126  545
3127  600
3128  655
3129  248
3130  311
3131  366
3132  421
3133  476
3134  530
3135  584
3136  639
3137  253
3138  309
3139  364
3140  419
3141  474
3142  528
3143  582
3144  636
3145  255
3146  312
3147  366
3148  421
3149  475
3150  529
3151  583
3152  638
3153  260
3154  316
3155  371
3156  425
3157  480
3158  535
3159  589
3160  643
3161  247
3162  303
3163  358
3164  412
3165  467
3166  522
3167  576
3168  630
3169  298
3170  358
3171  413
3172  470
3173  525
3174  580
3175  634
3176  689
3177  242
3178  298
3179  354
3180  409
3181  464
3182  518
3183  573
3184  627
3185  238
3186  307
3187  363
3188  418
3189  472
3190  526
3191  581
3192  636
3193  262
3194  318
3195  374
3196  429
3197  482
3198  537
3199  592
3200  646
3201  250
3202  307
3203  362
3204  416
3205  471
3206  525
3207  580
3208  634
3209  248
3210  309
3211  377
3212  432
3213  486
3214  541
3215  596
3216  650
3217  257
3218  313
3219  367
3220  422
3221  476
3222  530
3223  585
3224  654
3225  253
3226  309
3227  364
3228  419
3229  474
3230  528
3231  596
3232  652
3233  255
3234  312
3235  367
3236  421
3237  476
3238  542
3239  599
3240  654
3241  232
3242  317
3243  373
3244  428
3245  494
3246  550
3247  605
3248  660
3249  264
3250  320
3251  375
3252  430
3253  497
3254  552
3255  607
3256  661
3257  253
3258  309
3259  366
3260  435
3261  490
3262  545
3263  598
3264  652
3265  264
3266  321
3267  390
3268  446
3269  500
3270  555
3271  610
3272  664
3273  248
3274  319
3275  374
3276  429
3277  483
3278  538
3279  592
3280  647
3281  264
3282  321
3283  376
3284  431
3285  486
3286  540
3287  595
3288  650
3289  251
3290  307
3291  362
3292  417
3293  471
3294  526
3295  582
3296  636
3297  257
3298  314
3299  368
3300  423
3301  478
3302  533
3303  587
3304  642
3305  248
3306  305
3307  359
3308  414
3309  469
3310  524
3311  578
3312  632
3313  243
3314  310
3315  365
3316  420
3317  475
3318  530
3319  584
3320  639
3321  260
3322  316
3323  371
3324  425
3325  480
3326  535
3327  590
3328  644
3329  301
3330  361
3331  417
3332  473
3333  528
3334  582
3335  637
3336  693
3337  266
3338  323
3339  378
3340  433
3341  488
3342  542
3343  597
3344  651
3345  252
3346  308
3347  363
3348  418
3349  473
3350  527
3351  582
3352  636
3353  257
3354  314
3355  369
3356  424
3357  478
3358  533
3359  587
3360  642
3361  247
3362  303
3363  359
3364  413
3365  468
3366  523
3367  577
3368  632
3369  274
3370  331
3371  386
3372  441
3373  495
3374  550
3375  604
3376  659
3377  280
3378  337
3379  393
3380  448
3381  502
3382  556
3383  611
3384  681
3385  236
3386  292
3387  347
3388  420
3389  475
3390  529
3391  599
3392  654
3393  270
3394  327
3395  383
3396  438
3397  493
3398  562
3399  617
3400  671
3401  254
3402  323
3403  378
3404  433
3405  501
3406  557
3407  612
3408  667
3409  267
3410  324
3411  379
3412  445
3413  502
3414  557
3415  612
3416  666
3417  259
3418  315
3419  370
3420  438
3421  493
3422  548
3423  603
3424  657
3425  252
3426  308
3427  377
3428  433
3429  487
3430  542
3431  596
3432  651
3433  246
3434  316
3435  371
3436  426
3437  481
3438  535
3439  590
3440  644
3441  241
3442  309
3443  364
3444  419
3445  473
3446  528
3447  583
3448  638
3449  271
3450  326
3451  381
3452  436
3453  491
3454  546
3455  600
3456  655
3457  259
3458  316
3459  371
3460  425
3461  480
3462  535
3463  589
3464  644
3465  256
3466  313
3467  367
3468  422
3469  477
3470  531
3471  585
3472  640
3473  253
3474  309
3475  364
3476  418
3477  473
3478  527
3479  582
3480  636
3481  272
3482  329
3483  385
3484  439
3485  495
3486  549
3487  604
3488  658
3489  310
3490  370
3491  427
3492  482
3493  537
3494  592
3495  647
3496  702
3497  255
3498  313
3499  368
3500  422
3501  478
3502  532
3503  587
3504  641
3505  257
3506  314
3507  369
3508  423
3509  478
3510  532
3511  587
3512  641
3513  235
3514  309
3515  364
3516  419
3517  473
3518  528
3519  583
3520  637
3521  256
3522  312
3523  368
3524  422
3525  477
3526  531
3527  586
3528  640
3529  245
3530  313
3531  368
3532  423
3533  478
3534  532
3535  587
3536  642
3537  257
3538  320
3539  375
3540  429
3541  485
3542  539
3543  593
3544  662
3545  244
3546  301
3547  356
3548  411
3549  465
3550  520
3551  575
3552  644
3553  241
3554  298
3555  352
3556  407
3557  462
3558  516
3559  584
3560  639
3561  239
3562  308
3563  380
3564  435
3565  490
3566  558
3567  612
3568  667
3569  246
3570  321
3571  376
3572  431
3573  499
3574  554
3575  609
3576  664
3577  238
3578  295
3579  350
3580  417
3581  473
3582  529
3583  583
3584  638
3585  255
3586  311
3587  380
3588  435
3589  489
3590  544
3591  599
3592  653
3593  245
3594  301
3595  369
3596  424
3597  478
3598  532
3599  587
3600  642
3601  255
3602  324
3603  379
3604  434
3605  488
3606  542
3607  597
3608  652
3609  270
3610  326
3611  382
3612  435
3613  492
3614  546
3615  601
3616  654
3617  254
3618  310
3619  366
3620  420
3621  475
3622  529
3623  584
3624  639
3625  242
3626  299
3627  354
3628  408
3629  463
3630  517
3631  572
3632  626
3633  260
3634  316
3635  371
3636  426
3637  481
3638  536
3639  590
3640  644
3641  244
3642  307
3643  362
3644  417
3645  471
3646  526
3647  580
3648  635
3649  296
3650  356
3651  413
3652  469
3653  525
3654  581
3655  636
3656  691
3657  263
3658  319
3659  375
3660  429
3661  484
3662  539
3663  607
3664  662
3665  269
3666  325
3667  380
3668  435
3669  490
3670  545
3671  599
3672  654
3673  251
3674  307
3675  362
3676  417
3677  472
3678  526
3679  581
3680  636
3681  298
3682  357
3683  413
3684  468
3685  523
3686  578
3687  632
3688  688
3689  270
3690  327
3691  382
3692  437
3693  492
3694  546
3695  600
3696  655
3697  276
3698  335
3699  390
3700  446
3701  501
3702  555
3703  610
3704  680
3705  252
3706  309
3707  363
3708  418
3709  474
3710  528
3711  596
3712  651
3713  258
3714  316
3715  370
3716  425
3717  481
3718  549
3719  604
3720  658
3721  245
3722  325
3723  381
3724  435
3725  503
3726  558
3727  613
3728  668
3729  244
3730  313
3731  369
3732  435
3733  492
3734  547
3735  602
3736  657
3737  255
3738  312
3739  367
3740  437
3741  491
3742  546
3743  600
3744  655
3745  247
3746  304
3747  373
3748  428
3749  483
3750  537
3751  592
3752  646
3753  255
3754  326
3755  381
3756  435
3757  490
3758  544
3759  599
3760  654
3761  268
3762  324
3763  379
3764  433
3765  487
3766  542
3767  596
3768  651
3769  259
3770  316
3771  371
3772  425
3773  480
3774  534
3775  589
3776  644
3777  256
3778  313
3779  367
3780  422
3781  477
3782  531
3783  586
3784  641
3785  251
3786  308
3787  363
3788  418
3789  472
3790  527
3791  581
3792  636
3793  256
3794  313
3795  368
3796  422
3797  477
3798  532
3799  586
3800  641
3801  270
3802  326
3803  381
3804  436
3805  490
3806  545
3807  600
3808  654
3809  305
3810  366
3811  423
3812  478
3813  534
3814  588
3815  644
3816  699
3817  255
3818  311
3819  366
3820  422
3821  476
3822  531
3823  585
3824  640
3825  249
3826  316
3827  371
3828  426
3829  480
3830  534
3831  589
3832  643
3833  226
3834  291
3835  346
3836  401
3837  455
3838  510
3839  564
3840  618
3841  254
3842  310
3843  365
3844  419
3845  474
3846  528
3847  582
3848  636
3849  280
3850  337
3851  392
3852  447
3853  501
3854  555
3855  609
3856  664
3857  267
3858  323
3859  377
3860  432
3861  486
3862  541
3863  595
3864  664
3865  260
3866  328
3867  383
3868  438
3869  492
3870  546
3871  614
3872  669
3873  256
3874  312
3875  367
3876  422
3877  477
3878  544
3879  599
3880  654
3881  247
3882  303
3883  358
3884  427
3885  482
3886  537
3887  592
3888  646
3889  259
3890  316
3891  384
3892  440
3893  495
3894  550
3895  605
3896  659
3897  264
3898  334
3899  390
3900  445
3901  500
3902  556
3903  610
3904  665
3905  311
3906  371
3907  427
3908  484
3909  540
3910  594
3911  649
3912  705
3913  265
3914  322
3915  377
3916  432
3917  487
3918  542
3919  597
3920  652
3921  242
3922  299
3923  354
3924  409
3925  464
3926  519
3927  574
3928  628
3929  260
3930  317
3931  371
3932  427
3933  482
3934  537
3935  592
3936  647
3937  246
3938  308
3939  364
3940  419
3941  474
3942  529
3943  583
3944  638
3945  278
3946  334
3947  388
3948  444
3949  499
3950  554
3951  609
3952  664
3953  260
3954  318
3955  373
3956  428
3957  483
3958  538
3959  592
3960  647
3961  248
3962  305
3963  359
3964  414
3965  469
3966  524
3967  579
3968  633
3969  241
3970  308
3971  374
3972  429
3973  484
3974  539
3975  593
3976  648
3977  256
3978  318
3979  374
3980  428
3981  484
3982  538
3983  593
3984  648
3985  271
3986  328
3987  384
3988  438
3989  494
3990  548
3991  603
3992  657
3993  256
3994  313
3995  368
3996  423
3997  478
3998  533
3999  588
4000  643
4001  250
4002  307
4003  362
4004  417
4005  472
4006  527
4007  582
4008  636
4009  247
4010  304
4011  359
4012  413
4013  469
4014  524
4015  578
4016  647
4017  245
4018  302
4019  357
4020  413
4021  468
4022  523
4023  591
4024  646
4025  246
4026  303
4027  358
4028  413
4029  468
4030  536
4031  592
4032  647
4033  252
4034  309
4035  364
4036  419
4037  486
4038  542
4039  597
4040  652
4041  258
4042  314
4043  369
4044  437
4045  493
4046  548
4047  603
4048  657
4049  249
4050  305
4051  361
4052  430
4053  485
4054  540
4055  595
4056  649
4057  246
4058  302
4059  370
4060  426
4061  480
4062  535
4063  590
4064  644
4065  304
4066  364
4067  421
4068  477
4069  533
4070  588
4071  643
4072  698
4073  272
4074  329
4075  384
4076  439
4077  494
4078  548
4079  604
4080  658
4081  265
4082  322
4083  377
4084  433
4085  488
4086  542
4087  597
4088  651
4089  293
4090  353
4091  409
4092  464
4093  520
4094  575
4095  630
4096  685
4097  262
4098  318
4099  373
4100  428
4101  484
4102  538
4103  593
4104  647
4105  261
4106  326
4107  382
4108  438
4109  493
4110  547
4111  602
4112  658
4113  242
4114  300
4115  354
4116  410
4117  465
4118  520
4119  574
4120  629
4121  247
4122  304
4123  359
4124  414
4125  470
4126  524
4127  579
4128  633
4129  263
4130  330
4131  385
4132  440
4133  495
4134  550
4135  605
4136  659
4137  246
4138  311
4139  366
4140  421
4141  476
4142  531
4143  586
4144  640
4145  257
4146  320
4147  376
4148  432
4149  487
4150  542
4151  596
4152  652
4153  246
4154  303
4155  359
4156  414
4157  469
4158  523
4159  577
4160  632
4161  255
4162  312
4163  367
4164  422
4165  477
4166  531
4167  586
4168  641
4169  263
4170  320
4171  376
4172  431
4173  486
4174  541
4175  595
4176  664
4177  247
4178  304
4179  360
4180  415
4181  470
4182  524
4183  593
4184  647
4185  249
4186  305
4187  359
4188  415
4189  469
4190  539
4191  594
4192  648
4193  255
4194  312
4195  366
4196  421
4197  490
4198  545
4199  600
4200  654
4201  251
4202  307
4203  361
4204  429
4205  485
4206  539
4207  593
4208  648
4209  257
4210  313
4211  379
4212  436
4213  491
4214  545
4215  600
4216  654
4217  247
4218  303
4219  372
4220  427
4221  482
4222  536
4223  590
4224  645
4225  318
4226  379
4227  435
4228  491
4229  547
4230  602
4231  656
4232  711
4233  259
4234  326
4235  380
4236  435
4237  490
4238  545
4239  600
4240  654
4241  250
4242  307
4243  362
4244  416
4245  470
4246  526
4247  580
4248  635
4249  256
4250  313
4251  367
4252  423
4253  477
4254  531
4255  585
4256  640
4257  255
4258  312
4259  367
4260  423
4261  478
4262  532
4263  586
4264  641
4265  246
4266  309
4267  364
4268  419
4269  473
4270  527
4271  581
4272  636
4273  250
4274  319
4275  375
4276  430
4277  485
4278  539
4279  593
4280  647
4281  249
4282  305
4283  360
4284  415
4285  470
4286  524
4287  578
4288  633
4289  244
4290  323
4291  378
4292  432
4293  487
4294  542
4295  596
4296  650
4297  267
4298  324
4299  378
4300  433
4301  488
4302  542
4303  596
4304  651
4305  265
4306  322
4307  376
4308  431
4309  486
4310  540
4311  595
4312  650
4313  251
4314  308
4315  363
4316  418
4317  472
4318  526
4319  581
4320  636
4321  252
4322  309
4323  363
4324  418
4325  472
4326  527
4327  581
4328  636
4329  257
4330  314
4331  368
4332  424
4333  478
4334  532
4335  587
4336  655
4337  247
4338  305
4339  360
4340  416
4341  471
4342  525
4343  593
4344  650
4345  269
4346  326
4347  381
4348  436
4349  490
4350  559
4351  615
4352  669
4353  253
4354  311
4355  366
4356  421
4357  476
4358  544
4359  598
4360  653
4361  261
4362  318
4363  373
4364  428
4365  496
4366  551
4367  606
4368  660
4369  253
4370  311
4371  365
4372  434
4373  489
4374  544
4375  599
4376  654
4377  253
4378  310
4379  378
4380  433
4381  488
4382  542
4383  597
4384  652
4385  315
4386  375
4387  430
4388  487
4389  543
4390  597
4391  652
4392  707
4393  265
4394  323
4395  378
4396  433
4397  487
4398  542
4399  597
4400  651
4401  257
4402  312
4403  368
4404  423
4405  479
4406  533
4407  588
4408  643
4409  257
4410  315
4411  369
4412  424
4413  479
4414  534
4415  588
4416  644
4417  253
4418  328
4419  384
4420  439
4421  494
4422  549
4423  604
4424  659
4425  305
4426  363
4427  419
4428  475
4429  530
4430  584
4431  639
4432  694
4433  250
4434  306
4435  362
4436  417
4437  471
4438  526
4439  581
4440  636
4441  252
4442  309
4443  364
4444  420
4445  475
4446  529
4447  584
4448  639
4449  243
4450  318
4451  373
4452  428
4453  483
4454  538
4455  593
4456  647
4457  243
4458  314
4459  370
4460  425
4461  480
4462  535
4463  589
4464  644
4465  253
4466  312
4467  368
4468  423
4469  478
4470  533
4471  587
4472  641
4473  259
4474  316
4475  371
4476  427
4477  482
4478  537
4479  592
4480  646
4481  242
4482  305
4483  360
4484  415
4485  470
4486  525
4487  579
4488  634
4489  260
4490  317
4491  372
4492  427
4493  481
4494  536
4495  590
4496  659
4497  249
4498  306
4499  361
4500  416
4501  471
4502  526
4503  594
4504  649
4505  236
4506  293
4507  348
4508  402
4509  457
4510  512
4511  580
4512  634
4513  251
4514  308
4515  363
4516  418
4517  484
4518  541
4519  596
4520  650
4521  248
4522  305
4523  360
4524  415
4525  484
4526  539
4527  594
4528  649
4529  242
4530  312
4531  367
4532  437
4533  492
4534  547
4535  601
4536  656
4537  255
4538  313
4539  382
4540  437
4541  492
4542  547
4543  601
4544  655
4545  309
4546  369
4547  425
4548  482
4549  538
4550  593
4551  647
4552  702
4553  288
4554  352
4555  407
4556  462
4557  516
4558  571
4559  627
4560  681
4561  248
4562  305
4563  360
4564  414
4565  469
4566  525
4567  580
4568  634
4569  259
4570  316
4571  370
4572  426
4573  481
4574  535
4575  590
4576  644
4577  273
4578  330
4579  385
4580  439
4581  495
4582  550
4583  605
4584  659
4585  272
4586  328
4587  383
4588  438
4589  493
4590  548
4591  602
4592  657
4593  257
4594  314
4595  370
4596  425
4597  480
4598  534
4599  589
4600  644
4601  261
4602  317
4603  372
4604  427
4605  482
4606  537
4607  591
4608  646
4609  254
4610  328
4611  384
4612  439
4613  494
4614  548
4615  602
4616  657
4617  261
4618  331
4619  387
4620  442
4621  497
4622  551
4623  606
4624  661
4625  238
4626  295
4627  350
4628  405
4629  460
4630  515
4631  569
4632  624
4633  237
4634  293
4635  348
4636  403
4637  458
4638  513
4639  567
4640  622
4641  246
4642  303
4643  357
4644  413
4645  467
4646  522
4647  576
4648  631
4649  269
4650  326
4651  382
4652  436
4653  491
4654  546
4655  601
4656  671
4657  255
4658  312
4659  367
4660  422
4661  477
4662  532
4663  602
4664  658
4665  251
4666  308
4667  363
4668  418
4669  474
4670  543
4671  599
4672  653
4673  241
4674  298
4675  353
4676  408
4677  463
4678  531
4679  586
4680  641
4681  252
4682  309
4683  364
4684  419
4685  488
4686  543
4687  598
4688  652
4689  237
4690  309
4691  364
4692  433
4693  488
4694  543
4695  598
4696  652
4697  257
4698  314
4699  383
4700  437
4701  492
4702  547
4703  601
4704  656
4705  315
4706  374
4707  431
4708  486
4709  542
4710  597
4711  652
4712  707
4713  267
4714  325
4715  380
4716  434
4717  489
4718  544
4719  599
4720  654
4721  262
4722  319
4723  374
4724  429
4725  484
4726  539
4727  593
4728  648
4729  252
4730  310
4731  365
4732  421
4733  475
4734  530
4735  585
4736  639
4737  265
4738  322
4739  377
4740  432
4741  487
4742  542
4743  596
4744  651
4745  275
4746  340
4747  396
4748  451
4749  506
4750  561
4751  615
4752  671
4753  249
4754  306
4755  361
4756  416
4757  471
4758  526
4759  580
4760  635
4761  256
4762  313
4763  368
4764  423
4765  478
4766  533
4767  587
4768  642
4769  242
4770  321
4771  376
4772  432
4773  487
4774  542
4775  597
4776  651
4777  231
4778  308
4779  363
4780  418
4781  473
4782  527
4783  582
4784  636
4785  250
4786  307
4787  362
4788  417
4789  472
4790  526
4791  581
4792  636
4793  256
4794  313
4795  368
4796  423
4797  478
4798  533
4799  587
4800  642
4801  245
4802  301
4803  356
4804  411
4805  466
4806  520
4807  575
4808  630
4809  243
4810  299
4811  366
4812  421
4813  476
4814  531
4815  585
4816  655
4817  258
4818  314
4819  369
4820  424
4821  479
4822  533
4823  602
4824  658
4825  264
4826  320
4827  375
4828  430
4829  484
4830  554
4831  609
4832  663
4833  252
4834  308
4835  363
4836  418
4837  473
4838  541
4839  595
4840  650
4841  247
4842  303
4843  358
4844  413
4845  482
4846  537
4847  592
4848  647
4849  263
4850  320
4851  375
4852  443
4853  498
4854  553
4855  608
4856  662
4857  259
4858  315
4859  384
4860  439
4861  495
4862  549
4863  603
4864  658
4865  325
4866  386
4867  441
4868  497
4869  552
4870  607
4871  662
4872  717
4873  274
4874  332
4875  386
4876  440
4877  494
4878  549
4879  603
4880  658
4881  238
4882  305
4883  361
4884  417
4885  471
4886  526
4887  580
4888  635
4889  297
4890  357
4891  413
4892  469
4893  524
4894  579
4895  633
4896  688
4897  270
4898  326
4899  382
4900  437
4901  491
4902  545
4903  600
4904  655
4905  251
4906  314
4907  368
4908  423
4909  477
4910  531
4911  586
4912  641
4913  258
4914  313
4915  368
4916  423
4917  477
4918  532
4919  586
4920  640
4921  250
4922  306
4923  360
4924  415
4925  470
4926  524
4927  579
4928  633
4929  259
4930  325
4931  380
4932  434
4933  489
4934  543
4935  598
4936  653
4937  231
4938  301
4939  355
4940  410
4941  465
4942  519
4943  574
4944  628
4945  251
4946  307
4947  362
4948  417
4949  472
4950  526
4951  580
4952  635
4953  253
4954  309
4955  363
4956  418
4957  472
4958  526
4959  581
4960  635
4961  259
4962  316
4963  371
4964  426
4965  480
4966  534
4967  588
4968  655
4969  247
4970  304
4971  359
4972  413
4973  469
4974  523
4975  578
4976  647
4977  260
4978  316
4979  371
4980  426
4981  480
4982  535
4983  603
4984  658
4985  250
4986  306
4987  361
4988  416
4989  470
4990  538
4991  593
4992  648
4993  249
4994  305
4995  360
4996  415
4997  483
4998  538
4999  593
5000  647
5001  234
5002  290
5003  344
5004  399
5005  466
5006  521
5007  576
5008  630
5009  251
5010  307
5011  373
5012  429
5013  484
5014  539
5015  593
5016  648
5017  248
5018  304
5019  373
5020  429
5021  483
5022  538
5023  592
5024  646
5025  308
5026  368
5027  424
5028  480
5029  537
5030  592
5031  646
5032  702
5033  269
5034  327
5035  381
5036  436
5037  490
5038  545
5039  600
5040  654
5041  252
5042  308
5043  363
5044  418
5045  474
5046  529
5047  584
5048  637
5049  259
5050  315
5051  370
5052  426
5053  480
5054  535
5055  589
5056  644
5057  256
5058  319
5059  375
5060  430
5061  486
5062  540
5063  595
5064  650
5065  279
5066  336
5067  391
5068  447
5069  502
5070  556
5071  611
5072  666
5073  257
5074  313
5075  368
5076  424
5077  478
5078  533
5079  588
5080  642
5081  254
5082  311
5083  365
5084  420
5085  475
5086  530
5087  585
5088  639
5089  252
5090  317
5091  373
5092  428
5093  483
5094  538
5095  593
5096  647
5097  248
5098  314
5099  368
5100  424
5101  478
5102  533
5103  587
5104  642
5105  247
5106  303
5107  358
5108  413
5109  468
5110  522
5111  577
5112  631
5113  253
5114  309
5115  365
5116  420
5117  475
5118  529
5119  584
5120  638
5121  254
5122  311
5123  365
5124  420
5125  475
5126  530
5127  585
5128  640
5129  243
5130  300
5131  354
5132  409
5133  464
5134  519
5135  573
5136  642
5137  251
5138  307
5139  362
5140  417
5141  472
5142  527
5143  595
5144  650
5145  251
5146  307
5147  362
5148  417
5149  473
5150  540
5151  595
5152  649
5153  245
5154  302
5155  357
5156  412
5157  466
5158  536
5159  590
5160  2043
5161  249
5162  306
5163  361
5164  416
5165  483
5166  538
5167  593
5168  648
5169  251
5170  307
5171  362
5172  431
5173  486
5174  541
5175  596
5176  650
5177  313
5178  391
5179  447
5180  504
5181  559
5182  614
5183  669
5184  724
5185  255
5186  315
5187  370
5188  425
5189  480
5190  535
5191  589
5192  643
5193  268
5194  325
5195  380
5196  434
5197  490
5198  544
5199  599
5200  653
5201  234
5202  290
5203  344
5204  399
5205  454
5206  509
5207  563
5208  617
5209  248
5210  305
5211  360
5212  415
5213  469
5214  523
5215  578
5216  633
5217  261
5218  329
5219  384
5220  439
5221  494
5222  549
5223  604
5224  659
5225  274
5226  331
5227  385
5228  439
5229  494
5230  549
5231  603
5232  658
5233  255
5234  311
5235  366
5236  421
5237  476
5238  531
5239  585
5240  640
5241  244
5242  301
5243  355
5244  410
5245  465
5246  520
5247  574
5248  629
5249  238
5250  306
5251  367
5252  422
5253  477
5254  532
5255  586
5256  641
5257  244
5258  309
5259  364
5260  419
5261  473
5262  528
5263  583
5264  637
5265  249
5266  307
5267  362
5268  416
5269  471
5270  526
5271  581
5272  635
5273  257
5274  313
5275  369
5276  424
5277  479
5278  534
5279  588
5280  643
5281  249
5282  306
5283  361
5284  416
5285  471
5286  526
5287  581
5288  635
5289  243
5290  299
5291  354
5292  409
5293  464
5294  518
5295  573
5296  641
5297  252
5298  309
5299  364
5300  419
5301  474
5302  528
5303  596
5304  650
5305  255
5306  311
5307  366
5308  421
5309  476
5310  543
5311  600
5312  654
5313  256
5314  312
5315  367
5316  423
5317  489
5318  546
5319  601
5320  655
5321  257
5322  313
5323  368
5324  424
5325  492
5326  547
5327  602
5328  656
5329  245
5330  313
5331  368
5332  437
5333  492
5334  547
5335  601
5336  656
5337  302
5338  380
5339  437
5340  493
5341  549
5342  603
5343  658
5344  713
5345  251
5346  322
5347  377
5348  433
5349  488
5350  543
5351  598
5352  652
5353  262
5354  319
5355  374
5356  428
5357  483
5358  537
5359  592
5360  646
5361  247
5362  305
5363  359
5364  414
5365  470
5366  524
5367  579
5368  633
5369  254
5370  310
5371  365
5372  420
5373  475
5374  529
5375  584
5376  639
5377  266
5378  324
5379  379
5380  434
5381  489
5382  544
5383  599
5384  654
5385  304
5386  363
5387  419
5388  474
5389  529
5390  583
5391  638
5392  693
5393  240
5394  297
5395  352
5396  407
5397  462
5398  517
5399  571
5400  626
5401  246
5402  304
5403  358
5404  413
5405  468
5406  523
5407  577
5408  632
5409  256
5410  331
5411  386
5412  441
5413  496
5414  550
5415  605
5416  660
5417  228
5418  304
5419  360
5420  414
5421  469
5422  524
5423  579
5424  634
5425  259
5426  316
5427  372
5428  427
5429  480
5430  535
5431  590
5432  645
5433  255
5434  312
5435  367
5436  422
5437  476
5438  531
5439  585
5440  640
5441  261
5442  318
5443  373
5444  428
5445  482
5446  537
5447  592
5448  647
5449  257
5450  314
5451  369
5452  424
5453  478
5454  533
5455  588
5456  657
5457  259
5458  317
5459  371
5460  427
5461  482
5462  537
5463  606
5464  661
5465  267
5466  325
5467  380
5468  436
5469  491
5470  561
5471  615
5472  670
5473  262
5474  319
5475  374
5476  429
5477  499
5478  554
5479  608
5480  663
5481  261
5482  318
5483  373
5484  441
5485  497
5486  552
5487  607
5488  662
5489  252
5490  310
5491  364
5492  432
5493  488
5494  543
5495  598
5496  653
5497  299
5498  374
5499  430
5500  486
5501  541
5502  597
5503  651
5504  706
5505  262
5506  320
5507  376
5508  431
5509  486
5510  541
5511  596
5512  650
5513  278
5514  335
5515  391
5516  446
5517  500
5518  555
5519  610
5520  665
5521  248
5522  305
5523  360
5524  415
5525  470
5526  525
5527  580
5528  634
5529  247
5530  303
5531  359
5532  413
5533  468
5534  523
5535  578
5536  632
5537  251
5538  308
5539  363
5540  417
5541  473
5542  527
5543  582
5544  637
5545  256
5546  313
5547  368
5548  423
5549  478
5550  533
5551  587
5552  642
5553  259
5554  315
5555  370
5556  425
5557  480
5558  535
5559  589
5560  644
5561  236
5562  292
5563  346
5564  401
5565  456
5566  510
5567  564
5568  618
5569  239
5570  309
5571  375
5572  430
5573  484
5574  538
5575  593
5576  648
5577  278
5578  336
5579  391
5580  446
5581  501
5582  555
5583  610
5584  665
5585  265
5586  322
5587  376
5588  432
5589  486
5590  540
5591  594
5592  649
5593  252
5594  310
5595  364
5596  419
5597  474
5598  529
5599  583
5600  638
5601  253
5602  310
5603  365
5604  420
5605  475
5606  529
5607  583
5608  638
5609  252
5610  309
5611  364
5612  419
5613  473
5614  528
5615  581
5616  651
5617  242
5618  298
5619  353
5620  409
5621  464
5622  518
5623  587
5624  642
5625  253
5626  310
5627  364
5628  419
5629  474
5630  542
5631  597
5632  651
5633  257
5634  314
5635  369
5636  424
5637  491
5638  548
5639  603
5640  657
5641  245
5642  302
5643  356
5644  411
5645  480
5646  536
5647  590
5648  645
5649  253
5650  310
5651  365
5652  434
5653  489
5654  544
5655  598
5656  652
5657  289
5658  364
5659  421
5660  476
5661  532
5662  586
5663  641
5664  696
5665  292
5666  350
5667  405
5668  461
5669  516
5670  571
5671  625
5672  680
5673  276
5674  332
5675  387
5676  441
5677  496
5678  550
5679  605
5680  660
5681  252
5682  309
5683  364
5684  419
5685  473
5686  528
5687  583
5688  637
5689  303
5690  363
5691  419
5692  475
5693  530
5694  585
5695  640
5696  695
5697  274
5698  337
5699  392
5700  447
5701  502
5702  557
5703  611
5704  666
5705  282
5706  340
5707  396
5708  451
5709  506
5710  560
5711  614
5712  670
5713  244
5714  301
5715  356
5716  411
5717  465
5718  520
5719  575
5720  629
5721  253
5722  309
5723  364
5724  419
5725  473
5726  528
5727  582
5728  637
5729  236
5730  321
5731  377
5732  432
5733  487
5734  541
5735  596
5736  651
5737  269
5738  327
5739  382
5740  437
5741  492
5742  546
5743  601
5744  656
5745  242
5746  299
5747  353
5748  408
5749  463
5750  518
5751  571
5752  626
5753  258
5754  314
5755  370
5756  425
5757  479
5758  534
5759  589
5760  643
5761  256
5762  313
5763  369
5764  423
5765  478
5766  533
5767  587
5768  656
5769  252
5770  309
5771  364
5772  419
5773  473
5774  528
5775  594
5776  651
5777  238
5778  295
5779  349
5780  404
5781  459
5782  513
5783  582
5784  637
5785  238
5786  295
5787  350
5788  404
5789  459
5790  528
5791  583
5792  637
5793  240
5794  296
5795  351
5796  406
5797  477
5798  532
5799  586
5800  642
5801  274
5802  333
5803  401
5804  459
5805  515
5806  570
5807  625
5808  680
5809  274
5810  346
5811  404
5812  460
5813  515
5814  570
5815  625
5816  680
5817  327
5818  388
5819  443
5820  500
5821  556
5822  610
5823  666
5824  721
5825  273
5826  330
5827  385
5828  440
5829  495
5830  550
5831  604
5832  659
5833  279
5834  336
5835  391
5836  446
5837  501
5838  555
5839  610
5840  665
5841  253
5842  310
5843  366
5844  421
5845  475
5846  529
5847  585
5848  639
5849  254
5850  310
5851  365
5852  420
5853  475
5854  530
5855  585
5856  639
5857  283
5858  341
5859  396
5860  451
5861  506
5862  561
5863  615
5864  671
5865  265
5866  321
5867  376
5868  432
5869  486
5870  541
5871  596
5872  651
5873  253
5874  310
5875  364
5876  419
5877  474
5878  529
5879  584
5880  638
5881  250
5882  307
5883  362
5884  417
5885  471
5886  526
5887  581
5888  635
5889  245
5890  326
5891  382
5892  437
5893  492
5894  547
5895  601
5896  656
5897  245
5898  315
5899  370
5900  425
5901  480
5902  534
5903  589
5904  643
5905  250
5906  307
5907  361
5908  416
5909  471
5910  525
5911  580
5912  634
5913  251
5914  309
5915  363
5916  418
5917  473
5918  527
5919  582
5920  636
5921  242
5922  299
5923  353
5924  408
5925  463
5926  517
5927  571
5928  639
5929  258
5930  315
5931  370
5932  425
5933  480
5934  534
5935  603
5936  658
5937  263
5938  320
5939  375
5940  430
5941  485
5942  553
5943  607
5944  662
5945  256
5946  312
5947  367
5948  422
5949  488
5950  545
5951  600
5952  654
5953  263
5954  320
5955  375
5956  441
5957  498
5958  553
5959  607
5960  662
5961  249
5962  305
5963  361
5964  429
5965  484
5966  539
5967  593
5968  648
5969  243
5970  306
5971  375
5972  430
5973  485
5974  540
5975  595
5976  649
5977  328
5978  388
5979  444
5980  500
5981  555
5982  611
5983  666
5984  721
5985  279
5986  336
5987  392
5988  446
5989  501
5990  556
5991  611
5992  666
5993  261
5994  318
5995  372
5996  427
5997  482
5998  537
5999  592
6000  646
6001  252
6002  308
6003  363
6004  417
6005  473
6006  528
6007  583
6008  636
6009  258
6010  316
6011  371
6012  426
6013  481
6014  535
6015  590
6016  645
6017  261
6018  328
6019  384
6020  439
6021  493
6022  548
6023  603
6024  658
6025  280
6026  338
6027  393
6028  449
6029  504
6030  558
6031  613
6032  668
6033  244
6034  302
6035  356
6036  412
6037  467
6038  521
6039  576
6040  630
6041  263
6042  320
6043  374
6044  429
6045  484
6046  539
6047  593
6048  648
6049  242
6050  316
6051  371
6052  425
6053  480
6054  535
6055  590
6056  645
6057  245
6058  315
6059  370
6060  425
6061  480
6062  535
6063  590
6064  644
6065  264
6066  320
6067  376
6068  431
6069  486
6070  540
6071  596
6072  650
6073  256
6074  312
6075  367
6076  422
6077  477
6078  532
6079  587
6080  642
6081  259
6082  316
6083  371
6084  426
6085  481
6086  535
6087  590
6088  658
6089  250
6090  308
6091  362
6092  417
6093  472
6094  526
6095  595
6096  651
6097  251
6098  308
6099  363
6100  418
6101  472
6102  542
6103  597
6104  651
6105  251
6106  308
6107  362
6108  417
6109  486
6110  542
6111  597
6112  652
6113  256
6114  313
6115  368
6116  437
6117  493
6118  548
6119  602
6120  657
6121  260
6122  317
6123  383
6124  440
6125  495
6126  550
6127  605
6128  660
6129  248
6130  316
6131  385
6132  440
6133  495
6134  550
6135  604
6136  659
6137  315
6138  377
6139  433
6140  488
6141  543
6142  598
6143  654
6144  709
6145  275
6146  332
6147  387
6148  442
6149  498
6150  552
6151  607
6152  662
6153  268
6154  343
6155  398
6156  453
6157  507
6158  562
6159  617
6160  672
6161  251
6162  308
6163  363
6164  418
6165  472
6166  527
6167  582
6168  637
6169  263
6170  320
6171  375
6172  429
6173  484
6174  539
6175  594
6176  648
6177  270
6178  340
6179  395
6180  451
6181  505
6182  560
6183  614
6184  669
6185  272
6186  329
6187  384
6188  438
6189  493
6190  548
6191  602
6192  657
6193  244
6194  301
6195  368
6196  425
6197  480
6198  535
6199  589
6200  644
6201  252
6202  308
6203  363
6204  418
6205  473
6206  527
6207  582
6208  636
6209  254
6210  322
6211  377
6212  432
6213  487
6214  541
6215  596
6216  651
6217  244
6218  316
6219  371
6220  426
6221  481
6222  535
6223  590
6224  645
6225  252
6226  309
6227  365
6228  420
6229  474
6230  529
6231  583
6232  638
6233  249
6234  306
6235  361
6236  416
6237  470
6238  525
6239  580
6240  634
6241  251
6242  308
6243  363
6244  418
6245  473
6246  527
6247  582
6248  650
6249  256
6250  313
6251  367
6252  422
6253  477
6254  530
6255  600
6256  655
6257  254
6258  310
6259  366
6260  421
6261  475
6262  544
6263  598
6264  653
6265  252
6266  309
6267  364
6268  419
6269  485
6270  542
6271  597
6272  652
6273  249
6274  306
6275  360
6276  415
6277  483
6278  538
6279  592
6280  646
6281  253
6282  310
6283  365
6284  432
6285  487
6286  541
6287  596
6288  650
6289  241
6290  306
6291  375
6292  429
6293  484
6294  538
6295  592
6296  647
6297  321
6298  382
6299  438
6300  493
6301  549
6302  604
6303  658
6304  713
6305  265
6306  322
6307  376
6308  431
6309  486
6310  541
6311  595
6312  649
6313  259
6314  317
6315  372
6316  426
6317  481
6318  536
6319  590
6320  645
6321  253
6322  310
6323  365
6324  419
6325  473
6326  529
6327  584
6328  637
6329  251
6330  308
6331  363
6332  418
6333  473
6334  527
6335  582
6336  636
6337  274
6338  336
6339  391
6340  445
6341  500
6342  554
6343  608
6344  663
6345  280
6346  338
6347  393
6348  449
6349  503
6350  558
6351  612
6352  667
6353  260
6354  316
6355  371
6356  426
6357  480
6358  534
6359  589
6360  643
6361  246
6362  303
6363  358
6364  413
6365  467
6366  521
6367  576
6368  631
6369  239
6370  325
6371  380
6372  435
6373  489
6374  544
6375  598
6376  653
6377  238
6378  315
6379  371
6380  426
6381  480
6382  534
6383  589
6384  643
6385  242
6386  298
6387  353
6388  408
6389  463
6390  517
6391  571
6392  626
6393  258
6394  315
6395  370
6396  424
6397  479
6398  533
6399  588
6400  642
6401  241
6402  298
6403  353
6404  407
6405  462
6406  517
6407  571
6408  642
6409  258
6410  319
6411  381
6412  434
6413  490
6414  545
6415  614
6416  669
6417  246
6418  303
6419  358
6420  413
6421  468
6422  536
6423  591
6424  645
6425  264
6426  321
6427  376
6428  431
6429  501
6430  555
6431  610
6432  664
6433  250
6434  307
6435  362
6436  431
6437  487
6438  541
6439  596
6440  651
6441  258
6442  315
6443  384
6444  439
6445  494
6446  548
6447  603
6448  657
6449  239
6450  319
6451  376
6452  431
6453  485
6454  540
6455  594
6456  649
6457  313
6458  375
6459  430
6460  486
6461  541
6462  596
6463  651
6464  706
6465  259
6466  317
6467  372
6468  426
6469  481
6470  536
6471  590
6472  645
6473  234
6474  305
6475  361
6476  415
6477  470
6478  525
6479  579
6480  634
6481  260
6482  317
6483  372
6484  426
6485  481
6486  536
6487  590
6488  644
6489  297
6490  356
6491  413
6492  468
6493  524
6494  578
6495  633
6496  689
6497  252
6498  315
6499  370
6500  425
6501  479
6502  534
6503  589
6504  643
6505  271
6506  328
6507  383
6508  438
6509  492
6510  547
6511  601
6512  656
6513  250
6514  307
6515  361
6516  416
6517  471
6518  526
6519  580
6520  635
6521  258
6522  314
6523  369
6524  424
6525  478
6526  533
6527  587
6528  642
6529  259
6530  326
6531  381
6532  436
6533  491
6534  545
6535  600
6536  655
6537  230
6538  307
6539  362
6540  417
6541  472
6542  526
6543  581
6544  636
6545  246
6546  302
6547  358
6548  412
6549  467
6550  522
6551  575
6552  630
6553  248
6554  304
6555  358
6556  414
6557  468
6558  522
6559  577
6560  645
6561  256
6562  314
6563  368
6564  423
6565  478
6566  533
6567  601
6568  657
6569  254
6570  311
6571  365
6572  421
6573  474
6574  544
6575  599
6576  653
6577  247
6578  303
6579  358
6580  412
6581  479
6582  535
6583  590
6584  645
6585  252
6586  309
6587  364
6588  419
6589  488
6590  543
6591  597
6592  652
6593  246
6594  303
6595  357
6596  425
6597  480
6598  535
6599  590
6600  644
6601  240
6602  297
6603  365
6604  421
6605  475
6606  530
6607  584
6608  639
6609  245
6610  315
6611  370
6612  425
6613  479
6614  534
6615  589
6616  643
6617  313
6618  373
6619  430
6620  486
6621  541
6622  596
6623  651
6624  705
6625  258
6626  315
6627  370
6628  425
6629  480
6630  534
6631  589
6632  644
6633  243
6634  316
6635  371
6636  426
6637  481
6638  535
6639  591
6640  645
6641  248
6642  305
6643  359
6644  414
6645  470
6646  524
6647  579
6648  633
6649  267
6650  324
6651  378
6652  433
6653  488
6654  542
6655  597
6656  652
6657  270
6658  328
6659  382
6660  437
6661  492
6662  547
6663  601
6664  656
6665  280
6666  340
6667  396
6668  451
6669  506
6670  560
6671  615
6672  671
6673  249
6674  306
6675  361
6676  416
6677  471
6678  526
6679  581
6680  635
6681  261
6682  318
6683  374
6684  429
6685  483
6686  538
6687  593
6688  647
6689  242
6690  316
6691  371
6692  426
6693  481
6694  535
6695  590
6696  645
6697  238
6698  310
6699  366
6700  421
6701  476
6702  530
6703  585
6704  640
6705  260
6706  317
6707  372
6708  428
6709  483
6710  537
6711  592
6712  660
6713  252
6714  308
6715  364
6716  419
6717  474
6718  528
6719  583
6720  651
6721  254
6722  311
6723  366
6724  420
6725  475
6726  530
6727  599
6728  654
6729  241
6730  298
6731  353
6732  408
6733  462
6734  531
6735  586
6736  641
6737  253
6738  310
6739  365
6740  420
6741  490
6742  544
6743  599
6744  654
6745  265
6746  323
6747  378
6748  446
6749  501
6750  556
6751  611
6752  665
6753  236
6754  292
6755  347
6756  415
6757  471
6758  525
6759  580
6760  635
6761  252
6762  321
6763  379
6764  434
6765  489
6766  544
6767  598
6768  653
6769  247
6770  325
6771  379
6772  434
6773  489
6774  544
6775  598
6776  653
6777  308
6778  368
6779  424
6780  480
6781  536
6782  591
6783  646
6784  701
6785  253
6786  310
6787  365
6788  420
6789  475
6790  529
6791  584
6792  639
6793  269
6794  326
6795  380
6796  435
6797  490
6798  544
6799  599
6800  654
6801  228
6802  294
6803  350
6804  404
6805  459
6806  513
6807  568
6808  623
6809  257
6810  314
6811  369
6812  424
6813  478
6814  533
6815  588
6816  642
6817  247
6818  321
6819  376
6820  432
6821  487
6822  542
6823  596
6824  651
6825  247
6826  310
6827  365
6828  420
6829  475
6830  529
6831  584
6832  639
6833  248
6834  305
6835  359
6836  415
6837  469
6838  524
6839  579
6840  633
6841  250
6842  307
6843  362
6844  417
6845  472
6846  527
6847  582
6848  636
6849  256
6850  323
6851  379
6852  433
6853  488
6854  542
6855  597
6856  652
6857  262
6858  327
6859  384
6860  439
6861  494
6862  549
6863  603
6864  658
6865  270
6866  326
6867  381
6868  436
6869  491
6870  546
6871  600
6872  667
6873  241
6874  298
6875  353
6876  408
6877  463
6878  517
6879  572
6880  641
6881  254
6882  311
6883  365
6884  420
6885  475
6886  530
6887  598
6888  653
6889  264
6890  321
6891  375
6892  430
6893  485
6894  553
6895  608
6896  662
6897  255
6898  311
6899  366
6900  420
6901  488
6902  543
6903  598
6904  654
6905  258
6906  315
6907  370
6908  438
6909  493
6910  548
6911  602
6912  657
6913  253
6914  310
6915  365
6916  433
6917  488
6918  543
6919  597
6920  652
6921  239
6922  312
6923  380
6924  435
6925  490
6926  545
6927  600
6928  655
6929  244
6930  320
6931  376
6932  431
6933  487
6934  541
6935  596
6936  651
6937  315
6938  375
6939  431
6940  487
6941  542
6942  597
6943  652
6944  707
6945  252
6946  309
6947  364
6948  419
6949  474
6950  529
6951  583
6952  639
6953  258
6954  315
6955  370
6956  425
6957  479
6958  534
6959  589
6960  644
6961  252
6962  309
6963  364
6964  419
6965  474
6966  528
6967  583
6968  637
6969  271
6970  328
6971  382
6972  437
6973  492
6974  546
6975  601
6976  655
6977  261
6978  324
6979  379
6980  434
6981  489
6982  543
6983  597
6984  652
6985  271
6986  330
6987  385
6988  440
6989  495
6990  550
6991  604
6992  660
6993  266
6994  324
6995  379
6996  434
6997  488
6998  543
6999  598
7000  652
7001  250
7002  306
7003  361
7004  416
7005  471
7006  526
7007  581
7008  636
7009  233
7010  312
7011  368
7012  424
7013  478
7014  533
7015  588
7016  643
7017  230
7018  301
7019  357
7020  412
7021  467
7022  522
7023  577
7024  632
7025  253
7026  311
7027  366
7028  421
7029  476
7030  530
7031  585
7032  640
7033  261
7034  318
7035  373
7036  428
7037  483
7038  537
7039  592
7040  661
7041  253
7042  310
7043  365
7044  419
7045  474
7046  529
7047  597
7048  651
7049  251
7050  308
7051  362
7052  417
7053  472
7054  540
7055  595
7056  650
7057  244
7058  299
7059  354
7060  410
7061  477
7062  533
7063  587
7064  640
7065  271
7066  328
7067  382
7068  451
7069  505
7070  560
7071  614
7072  669
7073  250
7074  306
7075  372
7076  429
7077  484
7078  538
7079  592
7080  647
7081  265
7082  365
7083  475
7084  530
7085  586
7086  641
7087  696
7088  751
7089  252
7090  330
7091  385
7092  441
7093  497
7094  552
7095  606
7096  661
7097  314
7098  376
7099  432
7100  488
7101  544
7102  599
7103  654
7104  709
7105  252
7106  309
7107  364
7108  420
7109  475
7110  530
7111  584
7112  639
7113  272
7114  330
7115  386
7116  441
7117  494
7118  550
7119  605
7120  660
7121  259
7122  315
7123  371
7124  426
7125  481
7126  535
7127  590
7128  645
7129  259
7130  316
7131  371
7132  427
7133  481
7134  536
7135  591
7136  646
7137  250
7138  319
7139  374
7140  429
7141  484
7142  539
7143  594
7144  649
7145  262
7146  318
7147  374
7148  428
7149  483
7150  537
7151  592
7152  648
7153  247
7154  303
7155  358
7156  414
7157  468
7158  523
7159  578
7160  633
7161  261
7162  322
7163  390
7164  444
7165  500
7166  555
7167  609
7168  664
7169  243
7170  321
7171  376
7172  431
7173  486
7174  541
7175  595
7176  650
7177  236
7178  312
7179  368
7180  423
7181  478
7182  533
7183  587
7184  642
7185  250
7186  306
7187  361
7188  417
7189  471
7190  526
7191  580
7192  635
7193  258
7194  314
7195  369
7196  424
7197  478
7198  533
7199  588
7200  657
7201  263
7202  318
7203  373
7204  429
7205  484
7206  538
7207  606
7208  661
7209  252
7210  308
7211  363
7212  417
7213  472
7214  541
7215  596
7216  651
7217  253
7218  310
7219  365
7220  419
7221  487
7222  542
7223  597
7224  651
7225  255
7226  311
7227  366
7228  432
7229  490
7230  545
7231  600
7232  655
7233  259
7234  315
7235  370
7236  438
7237  493
7238  548
7239  602
7240  657
7241  258
7242  315
7243  384
7244  440
7245  494
7246  549
7247  604
7248  659
7249  251
7250  322
7251  377
7252  432
7253  487
7254  541
7255  596
7256  650
7257  317
7258  377
7259  434
7260  490
7261  545
7262  600
7263  655
7264  711
7265  240
7266  307
7267  362
7268  417
7269  471
7270  526
7271  581
7272  636
7273  263
7274  320
7275  375
7276  431
7277  486
7278  540
7279  595
7280  650
7281  255
7282  312
7283  367
7284  422
7285  477
7286  532
7287  587
7288  641
7289  305
7290  365
7291  421
7292  477
7293  532
7294  587
7295  642
7296  697
7297  269
7298  327
7299  382
7300  437
7301  491
7302  546
7303  601
7304  656
7305  277
7306  337
7307  393
7308  448
7309  504
7310  558
7311  613
7312  670
7313  259
7314  317
7315  372
7316  427
7317  482
7318  537
7319  592
7320  647
7321  260
7322  317
7323  372
7324  427
7325  482
7326  537
7327  592
7328  646
7329  240
7330  314
7331  370
7332  425
7333  480
7334  535
7335  589
7336  644
7337  235
7338  312
7339  367
7340  422
7341  477
7342  532
7343  587
7344  641
7345  255
7346  311
7347  367
7348  422
7349  477
7350  532
7351  586
7352  656
7353  249
7354  306
7355  361
7356  416
7357  472
7358  526
7359  593
7360  650
7361  264
7362  321
7363  376
7364  431
7365  486
7366  555
7367  610
7368  665
7369  256
7370  313
7371  368
7372  423
7373  477
7374  546
7375  601
7376  656
7377  253
7378  310
7379  366
7380  420
7381  490
7382  545
7383  599
7384  654
7385  259
7386  316
7387  371
7388  440
7389  494
7390  550
7391  604
7392  659
7393  239
7394  295
7395  363
7396  419
7397  474
7398  529
7399  584
7400  638
7401  253
7402  325
7403  380
7404  436
7405  491
7406  546
7407  601
7408  655
7409  234
7410  315
7411  370
7412  425
7413  480
7414  535
7415  590
7416  645
7417  301
7418  362
7419  418
7420  474
7421  531
7422  586
7423  641
7424  696
7425  265
7426  322
7427  377
7428  432
7429  487
7430  543
7431  598
7432  653
7433  238
7434  312
7435  368
7436  423
7437  478
7438  533
7439  587
7440  641
7441  265
7442  321
7443  377
7444  432
7445  486
7446  541
7447  596
7448  650
7449  252
7450  309
7451  365
7452  420
7453  475
7454  529
7455  584
7456  639
7457  258
7458  329
7459  384
7460  440
7461  495
7462  549
7463  604
7464  660
7465  272
7466  329
7467  384
7468  439
7469  494
7470  549
7471  603
7472  659
7473  254
7474  311
7475  366
7476  421
7477  476
7478  531
7479  586
7480  641
7481  234
7482  291
7483  346
7484  401
7485  455
7486  510
7487  565
7488  619
7489  240
7490  315
7491  371
7492  426
7493  481
7494  536
7495  590
7496  646
7497  272
7498  329
7499  384
7500  439
7501  494
7502  549
7503  604
7504  670
7505  261
7506  318
7507  374
7508  428
7509  483
7510  538
7511  593
7512  661
7513  255
7514  313
7515  368
7516  423
7517  478
7518  533
7519  602
7520  657
7521  240
7522  297
7523  351
7524  406
7525  461
7526  516
7527  585
7528  640
7529  260
7530  316
7531  371
7532  426
7533  494
7534  549
7535  604
7536  659
7537  232
7538  300
7539  355
7540  410
7541  479
7542  534
7543  590
7544  644
7545  244
7546  301
7547  356
7548  425
7549  480
7550  534
7551  589
7552  644
7553  249
7554  306
7555  376
7556  431
7557  486
7558  540
7559  595
7560  650
7561  246
7562  318
7563  374
7564  428
7565  483
7566  538
7567  593
7568  647
7569  276
7570  334
7571  389
7572  444
7573  499
7574  553
7575  608
7576  663
7577  313
7578  374
7579  430
7580  486
7581  542
7582  597
7583  652
7584  707
7585  259
7586  316
7587  371
7588  426
7589  482
7590  537
7591  592
7592  647
7593  256
7594  313
7595  368
7596  424
7597  479
7598  533
7599  588
7600  643
7601  270
7602  326
7603  381
7604  436
7605  491
7606  546
7607  600
7608  656
7609  244
7610  314
7611  369
7612  424
7613  479
7614  534
7615  588
7616  643
7617  266
7618  323
7619  379
7620  434
7621  489
7622  543
7623  598
7624  653
7625  275
7626  333
7627  389
7628  443
7629  497
7630  552
7631  606
7632  662
7633  258
7634  315
7635  370
7636  425
7637  479
7638  534
7639  589
7640  644
7641  266
7642  323
7643  378
7644  433
7645  487
7646  542
7647  596
7648  651
7649  234
7650  315
7651  370
7652  425
7653  480
7654  534
7655  588
7656  642
7657  278
7658  337
7659  392
7660  447
7661  501
7662  556
7663  611
7664  679
7665  244
7666  307
7667  362
7668  417
7669  471
7670  525
7671  580
7672  648
7673  269
7674  326
7675  380
7676  435
7677  489
7678  544
7679  612
7680  667
7681  239
7682  296
7683  350
7684  405
7685  460
7686  529
7687  584
7688  638
7689  241
7690  297
7691  352
7692  407
7693  473
7694  530
7695  584
7696  639
7697  246
7698  303
7699  357
7700  423
7701  480
7702  534
7703  590
7704  643
7705  255
7706  312
7707  379
7708  435
7709  490
7710  545
7711  599
7712  653
7713  261
7714  329
7715  386
7716  441
7717  495
7718  550
7719  604
7720  658
7721  245
7722  327
7723  382
7724  437
7725  492
7726  546
7727  601
7728  656
7729  251
7730  318
7731  373
7732  428
7733  483
7734  538
7735  592
7736  646
7737  305
7738  365
7739  421
7740  476
7741  533
7742  587
7743  643
7744  698
7745  259
7746  316
7747  371
7748  425
7749  481
7750  536
7751  590
7752  646
7753  297
7754  376
7755  431
7756  487
7757  542
7758  597
7759  653
7760  707
7761  264
7762  321
7763  377
7764  432
7765  487
7766  542
7767  596
7768  651
7769  267
7770  324
7771  379
7772  434
7773  488
7774  543
7775  598
7776  653
7777  243
7778  300
7779  355
7780  410
7781  465
7782  520
7783  574
7784  629
7785  251
7786  314
7787  369
7788  424
7789  478
7790  533
7791  587
7792  643
7793  269
7794  326
7795  381
7796  436
7797  490
7798  545
7799  600
7800  654
7801  250
7802  307
7803  362
7804  416
7805  471
7806  525
7807  580
7808  635
7809  224
7810  294
7811  348
7812  403
7813  458
7814  513
7815  567
7816  622
7817  261
7818  318
7819  373
7820  428
7821  482
7822  537
7823  591
7824  660
7825  254
7826  311
7827  367
7828  421
7829  476
7830  531
7831  599
7832  655
7833  255
7834  311
7835  366
7836  421
7837  476
7838  542
7839  598
7840  653
7841  256
7842  312
7843  367
7844  422
7845  476
7846  544
7847  599
7848  653
7849  249
7850  306
7851  361
7852  415
7853  483
7854  537
7855  592
7856  647
7857  251
7858  307
7859  363
7860  431
7861  487
7862  541
7863  596
7864  650
7865  244
7866  301
7867  368
7868  423
7869  478
7870  532
7871  587
7872  641
7873  240
7874  297
7875  364
7876  419
7877  474
7878  529
7879  583
7880  638
7881  246
7882  315
7883  370
7884  426
7885  481
7886  535
7887  591
7888  645
7889  266
7890  323
7891  378
7892  433
7893  488
7894  543
7895  597
7896  653
7897  306
7898  367
7899  423
7900  479
7901  535
7902  590
7903  645
7904  700
7905  261
7906  318
7907  373
7908  428
7909  484
7910  538
7911  593
7912  648
7913  257
7914  313
7915  369
7916  424
7917  479
7918  534
7919  589
7920  644
7921  250
7922  307
7923  363
7924  417
7925  472
7926  527
7927  582
7928  637
7929  261
7930  318
7931  373
7932  427
7933  482
7934  537
7935  591
7936  646
7937  248
7938  305
7939  360
7940  415
7941  469
7942  524
7943  579
7944  633
7945  294
7946  353
7947  408
7948  464
7949  519
7950  574
7951  629
7952  685
7953  264
7954  321
7955  375
7956  431
7957  486
7958  540
7959  595
7960  649
7961  254
7962  312
7963  367
7964  422
7965  477
7966  532
7967  587
7968  641
7969  227
7970  314
7971  369
7972  424
7973  479
7974  534
7975  589
7976  643
7977  249
7978  317
7979  372
7980  427
7981  481
7982  536
7983  591
7984  660
7985  246
7986  302
7987  357
7988  412
7989  467
7990  523
7991  590
7992  647
7993  251
7994  307
7995  363
7996  418
7997  472
7998  539
7999  596
8000  650
8001  248
8002  304
8003  359
8004  414
8005  468
8006  536
8007  591
8008  645
8009  247
8010  303
8011  375
8012  442
8013  499
8014  554
8015  608
8016  664
8017  257
8018  314
8019  369
8020  438
8021  493
8022  548
8023  603
8024  658
8025  260
8026  316
8027  385
8028  440
8029  495
8030  550
8031  604
8032  659
8033  241
8034  312
8035  367
8036  422
8037  477
8038  532
8039  586
8040  641
8041  267
8042  324
8043  379
8044  435
8045  491
8046  545
8047  600
8048  655
8049  270
8050  327
8051  382
8052  437
8053  493
8054  548
8055  602
8056  657
8057  301
8058  361
8059  417
8060  473
8061  528
8062  584
8063  640
8064  695
8065  235
8066  309
8067  364
8068  420
8069  475
8070  530
8071  585
8072  641
8073  236
8074  312
8075  368
8076  422
8077  478
8078  533
8079  588
8080  642
8081  258
8082  315
8083  371
8084  426
8085  481
8086  536
8087  590
8088  645
8089  305
8090  365
8091  422
8092  479
8093  535
8094  590
8095  645
8096  701
8097  249
8098  307
8099  362
8100  417
8101  472
8102  527
8103  582
8104  636
8105  267
8106  324
8107  379
8108  434
8109  489
8110  543
8111  598
8112  654
8113  248
8114  305
8115  360
8116  415
8117  470
8118  525
8119  580
8120  635
8121  245
8122  301
8123  357
8124  411
8125  467
8126  522
8127  576
8128  631
8129  263
8130  330
8131  386
8132  441
8133  496
8134  551
8135  605
8136  676
8137  262
8138  319
8139  374
8140  430
8141  485
8142  539
8143  606
8144  663
8145  245
8146  302
8147  357
8148  412
8149  467
8150  522
8151  590
8152  645
8153  239
8154  295
8155  350
8156  405
8157  460
8158  528
8159  584
8160  638
8161  254
8162  311
8163  366
8164  421
8165  490
8166  545
8167  599
8168  654
8169  254
8170  310
8171  365
8172  434
8173  489
8174  544
8175  599
8176  653
8177  252
8178  309
8179  376
8180  433
8181  487
8182  541
8183  595
8184  651
8185  243
8186  300
8187  369
8188  425
8189  479
8190  534
8191  589
8192  644
8193  236
8194  306
8195  361
8196  415
8197  470
8198  525
8199  579
8200  634
8201  267
8202  324
8203  380
8204  435
8205  490
8206  545
8207  600
8208  654
8209  265
8210  322
8211  377
8212  432
8213  487
8214  542
8215  597
8216  652
8217  297
8218  358
8219  414
8220  470
8221  526
8222  581
8223  636
8224  691
8225  256
8226  312
8227  368
8228  424
8229  479
8230  534
8231  588
8232  644
8233  255
8234  313
8235  368
8236  423
8237  478
8238  532
8239  587
8240  642
8241  253
8242  310
8243  365
8244  420
8245  475
8246  529
8247  584
8248  639
8249  260
8250  330
8251  386
8252  441
8253  496
8254  551
8255  606
8256  661
8257  250
8258  307
8259  363
8260  419
8261  473
8262  528
8263  583
8264  637
8265  282
8266  340
8267  395
8268  451
8269  506
8270  560
8271  615
8272  670
8273  254
8274  311
8275  366
8276  421
8277  475
8278  530
8279  585
8280  640
8281  240
8282  297
8283  352
8284  406
8285  461
8286  516
8287  571
8288  625
8289  229
8290  303
8291  372
8292  427
8293  482
8294  536
8295  591
8296  645
8297  261
8298  330
8299  385
8300  440
8301  495
8302  549
8303  616
8304  673
8305  260
8306  317
8307  372
8308  427
8309  482
8310  537
8311  605
8312  661
8313  251
8314  308
8315  363
8316  418
8317  472
8318  541
8319  596
8320  650
8321  251
8322  307
8323  362
8324  416
8325  484
8326  538
8327  593
8328  647
8329  250
8330  306
8331  361
8332  427
8333  483
8334  538
8335  592
8336  646
8337  261
8338  317
8339  383
8340  439
8341  494
8342  549
8343  604
8344  658
8345  256
8346  312
8347  380
8348  435
8349  490
8350  544
8351  598
8352  653
8353  237
8354  307
8355  362
8356  417
8357  471
8358  526
8359  580
8360  635
8361  256
8362  313
8363  369
8364  423
8365  479
8366  533
8367  588
8368  642
8369  261
8370  318
8371  373
8372  428
8373  482
8374  537
8375  591
8376  647
8377  303
8378  363
8379  420
8380  476
8381  531
8382  586
8383  641
8384  696
8385  246
8386  313
8387  369
8388  423
8389  478
8390  533
8391  588
8392  643
8393  250
8394  306
8395  360
8396  415
8397  470
8398  524
8399  579
8400  633
8401  250
8402  307
8403  361
8404  416
8405  470
8406  526
8407  580
8408  635
8409  263
8410  320
8411  374
8412  428
8413  483
8414  537
8415  592
8416  646
8417  264
8418  320
8419  375
8420  429
8421  484
8422  538
8423  593
8424  647
8425  228
8426  298
8427  353
8428  408
8429  463
8430  517
8431  572
8432  627
8433  254
8434  311
8435  366
8436  421
8437  476
8438  530
8439  584
8440  639
8441  253
8442  310
8443  364
8444  418
8445  473
8446  527
8447  582
8448  636
8449  224
8450  295
8451  349
8452  404
8453  458
8454  513
8455  567
8456  621
8457  269
8458  327
8459  382
8460  437
8461  491
8462  546
8463  600
8464  669
8465  259
8466  316
8467  370
8468  425
8469  479
8470  534
8471  603
8472  658
8473  247
8474  304
8475  359
8476  413
8477  469
8478  535
8479  592
8480  646
8481  258
8482  315
8483  370
8484  424
8485  493
8486  548
8487  603
8488  658
8489  251
8490  308
8491  362
8492  417
8493  485
8494  540
8495  594
8496  649
8497  245
8498  300
8499  355
8500  424
8501  477
8502  533
8503  587
8504  642
8505  243
8506  299
8507  367
8508  422
8509  477
8510  532
8511  586
8512  641
8513  255
8514  326
8515  381
8516  435
8517  490
8518  545
8519  599
8520  654
8521  253
8522  318
8523  374
8524  429
8525  483
8526  538
8527  593
8528  647
8529  265
8530  322
8531  376
8532  431
8533  486
8534  541
8535  596
8536  650
8537  299
8538  360
8539  415
8540  472
8541  527
8542  582
8543  637
8544  693
8545  238
8546  305
8547  359
8548  415
8549  469
8550  524
8551  580
8552  635
8553  265
8554  321
8555  376
8556  431
8557  486
8558  541
8559  595
8560  649
8561  254
8562  310
8563  365
8564  420
8565  475
8566  530
8567  584
8568  638
8569  261
8570  318
8571  373
8572  427
8573  482
8574  537
8575  592
8576  646
8577  268
8578  325
8579  381
8580  435
8581  489
8582  544
8583  599
8584  654
8585  254
8586  313
8587  382
8588  437
8589  492
8590  547
8591  602
8592  656
8593  267
8594  324
8595  379
8596  435
8597  490
8598  545
8599  599
8600  653
8601  256
8602  312
8603  367
8604  422
8605  477
8606  532
8607  586
8608  641
8609  231
8610  324
8611  379
8612  434
8613  489
8614  544
8615  599
8616  653
8617  245
8618  312
8619  367
8620  422
8621  477
8622  531
8623  586
8624  654
8625  251
8626  309
8627  364
8628  420
8629  473
8630  528
8631  598
8632  653
8633  250
8634  308
8635  362
8636  418
8637  473
8638  541
8639  596
8640  650
8641  257
8642  314
8643  368
8644  424
8645  492
8646  548
8647  602
8648  657
8649  243
8650  300
8651  354
8652  409
8653  479
8654  534
8655  589
8656  643
8657  246
8658  303
8659  358
8660  426
8661  482
8662  537
8663  591
8664  646
8665  247
8666  304
8667  372
8668  427
8669  482
8670  537
8671  592
8672  647
8673  249
8674  320
8675  374
8676  429
8677  484
8678  538
8679  593
8680  648
8681  272
8682  329
8683  383
8684  438
8685  493
8686  548
8687  602
8688  657
8689  252
8690  321
8691  376
8692  431
8693  486
8694  540
8695  594
8696  649
8697  307
8698  368
8699  424
8700  479
8701  534
8702  589
8703  644
8704  699
8705  230
8706  302
8707  357
8708  411
8709  466
8710  521
8711  575
8712  630
8713  276
8714  332
8715  387
8716  442
8717  497
8718  552
8719  606
8720  661
8721  244
8722  300
8723  356
8724  410
8725  465
8726  520
8727  575
8728  629
8729  257
8730  313
8731  368
8732  423
8733  477
8734  532
8735  586
8736  641
8737  271
8738  328
8739  382
8740  437
8741  491
8742  546
8743  601
8744  656
8745  255
8746  311
8747  366
8748  421
8749  476
8750  531
8751  585
8752  639
8753  253
8754  310
8755  365
8756  420
8757  475
8758  529
8759  584
8760  639
8761  260
8762  334
8763  389
8764  444
8765  499
8766  553
8767  608
8768  663
8769  231
8770  317
8771  372
8772  427
8773  482
8774  537
8775  591
8776  646
8777  267
8778  323
8779  378
8780  433
8781  488
8782  542
8783  597
8784  666
8785  246
8786  303
8787  358
8788  412
8789  467
8790  522
8791  591
8792  646
8793  255
8794  312
8795  367
8796  421
8797  476
8798  544
8799  599
8800  654
8801  239
8802  295
8803  350
8804  404
8805  459
8806  528
8807  582
8808  637
8809  253
8810  309
8811  364
8812  419
8813  488
8814  543
8815  598
8816  652
8817  253
8818  310
8819  364
8820  433
8821  487
8822  542
8823  596
8824  651
8825  261
8826  319
8827  387
8828  443
8829  497
8830  552
8831  607
8832  661
8833  253
8834  324
8835  379
8836  433
8837  488
8838  543
8839  598
8840  652
8841  254
8842  313
8843  367
8844  422
8845  477
8846  531
8847  586
8848  640
8849  269
8850  326
8851  381
8852  436
8853  491
8854  545
8855  600
8856  655
8857  302
8858  363
8859  419
8860  474
8861  530
8862  585
8863  640
8864  694
8865  277
8866  333
8867  388
8868  443
8869  498
8870  552
8871  607
8872  662
8873  269
8874  325
8875  379
8876  434
8877  490
8878  545
8879  599
8880  654
8881  251
8882  308
8883  362
8884  417
8885  472
8886  527
8887  581
8888  635
8889  305
8890  365
8891  421
8892  477
8893  532
8894  587
8895  642
8896  697
8897  277
8898  333
8899  389
8900  444
8901  499
8902  553
8903  608
8904  663
8905  258
8906  316
8907  372
8908  428
8909  483
8910  537
8911  592
8912  647
8913  255
8914  312
8915  367
8916  422
8917  478
8918  532
8919  587
8920  642
8921  250
8922  307
8923  362
8924  417
8925  472
8926  527
8927  582
8928  637
8929  229
8930  298
8931  365
8932  421
8933  476
8934  531
8935  585
8936  652
8937  240
8938  316
8939  371
8940  426
8941  481
8942  535
8943  602
8944  659
8945  250
8946  306
8947  362
8948  417
8949  472
8950  527
8951  596
8952  651
8953  243
8954  300
8955  354
8956  409
8957  464
8958  532
8959  588
8960  642
8961  239
8962  296
8963  350
8964  406
8965  474
8966  529
8967  583
8968  638
8969  243
8970  299
8971  354
8972  420
8973  477
8974  532
8975  586
8976  641
8977  257
8978  314
8979  382
8980  437
8981  491
8982  547
8983  601
8984  655
8985  251
8986  308
8987  375
8988  430
8989  485
8990  540
8991  595
8992  650
8993  245
8994  315
8995  370
8996  425
8997  480
8998  535
8999  589
9000  643
9001  283
9002  341
9003  396
9004  451
9005  506
9006  561
9007  616
9008  671
9009  248
9010  312
9011  367
9012  421
9013  476
9014  531
9015  585
9016  640
9017  312
9018  373
9019  429
9020  485
9021  540
9022  595
9023  649
9024  704
9025  234
9026  307
9027  362
9028  417
9029  471
9030  526
9031  581
9032  635
9033  243
9034  299
9035  355
9036  409
9037  464
9038  518
9039  571
9040  626
9041  256
9042  313
9043  368
9044  422
9045  477
9046  531
9047  585
9048  639
9049  264
9050  320
9051  375
9052  429
9053  483
9054  537
9055  592
9056  646
9057  252
9058  321
9059  376
9060  431
9061  485
9062  539
9063  594
9064  649
9065  258
9066  315
9067  370
9068  424
9069  479
9070  533
9071  587
9072  641
9073  251
9074  307
9075  362
9076  417
9077  472
9078  526
9079  580
9080  635
9081  258
9082  315
9083  369
9084  423
9085  478
9086  532
9087  586
9088  641
9089  228
9090  309
9091  364
9092  419
9093  474
9094  528
9095  583
9096  637
9097  261
9098  318
9099  373
9100  427
9101  481
9102  536
9103  590
9104  659
9105  259
9106  316
9107  370
9108  425
9109  479
9110  534
9111  601
9112  655
9113  252
9114  308
9115  363
9116  418
9117  472
9118  541
9119  596
9120  650
9121  242
9122  299
9123  353
9124  408
9125  463
9126  530
9127  585
9128  640
9129  258
9130  315
9131  369
9132  436
9133  492
9134  547
9135  601
9136  655
9137  240
9138  303
9139  357
9140  426
9141  481
9142  535
9143  590
9144  645
9145  244
9146  301
9147  369
9148  425
9149  479
9150  533
9151  588
9152  643
9153  251
9154  321
9155  377
9156  432
9157  486
9158  541
9159  595
9160  649
9161  255
9162  314
9163  368
9164  423
9165  478
9166  532
9167  586
9168  641
9169  259
9170  316
9171  370
9172  425
9173  480
9174  534
9175  588
9176  643
9177  306
9178  367
9179  422
9180  478
9181  533
9182  588
9183  643
9184  698
9185  242
9186  308
9187  363
9188  418
9189  472
9190  527
9191  582
9192  636
9193  269
9194  324
9195  379
9196  435
9197  490
9198  544
9199  599
9200  653
9201  264
9202  322
9203  376
9204  431
9205  486
9206  541
9207  596
9208  651
9209  278
9210  335
9211  389
9212  444
9213  499
9214  554
9215  608
9216  663
9217  264
9218  320
9219  375
9220  430
9221  484
9222  538
9223  593
9224  648
9225  263
9226  321
9227  377
9228  432
9229  487
9230  541
9231  596
9232  650
9233  256
9234  314
9235  368
9236  423
9237  478
9238  533
9239  587
9240  642
9241  239
9242  296
9243  351
9244  406
9245  460
9246  515
9247  569
9248  624
9249  228
9250  315
9251  371
9252  426
9253  481
9254  536
9255  590
9256  645
9257  277
9258  335
9259  390
9260  446
9261  500
9262  554
9263  621
9264  678
9265  262
9266  320
9267  375
9268  430
9269  484
9270  539
9271  609
9272  664
9273  254
9274  310
9275  365
9276  420
9277  475
9278  543
9279  597
9280  652
9281  250
9282  308
9283  363
9284  417
9285  485
9286  540
9287  595
9288  650
9289  254
9290  310
9291  365
9292  433
9293  488
9294  543
9295  597
9296  652
9297  254
9298  311
9299  377
9300  433
9301  488
9302  542
9303  597
9304  652
9305  237
9306  293
9307  361
9308  416
9309  470
9310  525
9311  579
9312  634
9313  253
9314  323
9315  378
9316  432
9317  487
9318  542
9319  597
9320  651
9321  250
9322  319
9323  374
9324  429
9325  483
9326  537
9327  592
9328  647
9329  269
9330  325
9331  380
9332  435
9333  489
9334  543
9335  598
9336  653
9337  301
9338  361
9339  417
9340  473
9341  529
9342  583
9343  638
9344  693
9345  285
9346  353
9347  409
9348  463
9349  518
9350  573
9351  628
9352  683
9353  268
9354  325
9355  380
9356  434
9357  489
9358  543
9359  597
9360  652
9361  248
9362  305
9363  360
9364  414
9365  469
9366  524
9367  578
9368  633
9369  262
9370  319
9371  374
9372  429
9373  483
9374  538
9375  592
9376  647
9377  265
9378  322
9379  377
9380  432
9381  486
9382  540
9383  595
9384  650
9385  254
9386  311
9387  367
9388  421
9389  476
9390  531
9391  585
9392  640
9393  250
9394  308
9395  363
9396  418
9397  473
9398  527
9399  582
9400  637
9401  246
9402  302
9403  358
9404  413
9405  467
9406  522
9407  577
9408  632
9409  230
9410  316
9411  372
9412  426
9413  481
9414  536
9415  590
9416  645
9417  265
9418  322
9419  377
9420  432
9421  486
9422  540
9423  595
9424  664
9425  245
9426  301
9427  355
9428  410
9429  465
9430  520
9431  589
9432  644
9433  259
9434  316
9435  371
9436  426
9437  481
9438  550
9439  606
9440  660
9441  268
9442  328
9443  383
9444  438
9445  506
9446  562
9447  616
9448  671
9449  256
9450  313
9451  368
9452  436
9453  491
9454  547
9455  601
9456  656
9457  251
9458  308
9459  374
9460  430
9461  485
9462  540
9463  594
9464  649
9465  249
9466  306
9467  374
9468  429
9469  484
9470  538
9471  593
9472  648
9473  242
9474  312
9475  367
9476  421
9477  476
9478  531
9479  585
9480  640
9481  278
9482  335
9483  389
9484  444
9485  500
9486  554
9487  609
9488  664
9489  269
9490  326
9491  381
9492  436
9493  491
9494  546
9495  600
9496  655
9497  299
9498  360
9499  416
9500  472
9501  527
9502  582
9503  637
9504  692
9505  237
9506  304
9507  358
9508  413
9509  468
9510  523
9511  578
9512  633
9513  275
9514  332
9515  387
9516  442
9517  497
9518  552
9519  606
9520  661
9521  257
9522  314
9523  369
9524  424
9525  479
9526  533
9527  588
9528  642
9529  248
9530  311
9531  367
9532  421
9533  476
9534  531
9535  586
9536  641
9537  264
9538  321
9539  376
9540  431
9541  485
9542  540
9543  595
9544  650
9545  268
9546  326
9547  381
9548  436
9549  492
9550  547
9551  602
9552  656
9553  258
9554  314
9555  369
9556  424
9557  479
9558  534
9559  589
9560  643
9561  260
9562  316
9563  371
9564  426
9565  481
9566  536
9567  591
9568  645
9569  240
9570  304
9571  371
9572  427
9573  482
9574  536
9575  590
9576  657
9577  240
9578  304
9579  360
9580  415
9581  470
9582  524
9583  579
9584  648
9585  254
9586  311
9587  366
9588  421
9589  476
9590  531
9591  600
9592  655
9593  258
9594  315
9595  369
9596  425
9597  480
9598  549
9599  604
9600  659
9601  260
9602  316
9603  371
9604  427
9605  495
9606  551
9607  605
9608  660
9609  236
9610  292
9611  358
9612  426
9613  482
9614  537
9615  591
9616  647
9617  248
9618  305
9619  369
9620  428
9621  483
9622  537
9623  591
9624  646
9625  249
9626  306
9627  374
9628  429
9629  484
9630  538
9631  593
9632  648
9633  243
9634  313
9635  368
9636  423
9637  477
9638  532
9639  587
9640  642
9641  284
9642  341
9643  396
9644  451
9645  506
9646  561
9647  616
9648  670
9649  257
9650  314
9651  369
9652  424
9653  479
9654  533
9655  588
9656  642
9657  300
9658  361
9659  417
9660  473
9661  528
9662  583
9663  639
9664  694
9665  237
9666  308
9667  363
9668  418
9669  473
9670  528
9671  583
9672  638
9673  245
9674  302
9675  357
9676  413
9677  468
9678  522
9679  577
9680  631
9681  289
9682  349
9683  405
9684  462
9685  517
9686  573
9687  628
9688  683
9689  271
9690  329
9691  384
9692  438
9693  493
9694  548
9695  602
9696  657
9697  267
9698  324
9699  378
9700  433
9701  487
9702  542
9703  596
9704  651
9705  255
9706  312
9707  366
9708  421
9709  475
9710  529
9711  584
9712  638
9713  261
9714  318
9715  373
9716  427
9717  482
9718  536
9719  591
9720  645
9721  259
9722  315
9723  370
9724  425
9725  479
9726  533
9727  588
9728  643
9729  241
9730  321
9731  376
9732  431
9733  485
9734  540
9735  594
9736  663
9737  248
9738  305
9739  360
9740  415
9741  470
9742  524
9743  591
9744  648
9745  255
9746  311
9747  365
9748  420
9749  475
9750  540
9751  597
9752  651
9753  246
9754  302
9755  357
9756  412
9757  466
9758  535
9759  590
9760  644
9761  255
9762  311
9763  366
9764  420
9765  489
9766  544
9767  599
9768  654
9769  244
9770  301
9771  355
9772  424
9773  480
9774  534
9775  588
9776  642
9777  247
9778  304
9779  374
9780  429
9781  483
9782  538
9783  592
9784  647
9785  255
9786  326
9787  381
9788  436
9789  490
9790  545
9791  600
9792  654
9793  236
9794  305
9795  360
9796  415
9797  470
9798  525
9799  580
9800  634
9801  262
9802  318
9803  373
9804  428
9805  482
9806  537
9807  591
9808  646
9809  263
9810  319
9811  374
9812  429
9813  484
9814  538
9815  592
9816  647
9817  302
9818  362
9819  418
9820  474
9821  529
9822  584
9823  639
9824  694
9825  280
9826  345
9827  400
9828  455
9829  509
9830  564
9831  619
9832  673
9833  251
9834  309
9835  364
9836  419
9837  474
9838  528
9839  583
9840  637
9841  257
9842  313
9843  368
9844  423
9845  477
9846  531
9847  586
9848  641
9849  270
9850  327
9851  382
9852  437
9853  491
9854  546
9855  601
9856  656
9857  263
9858  320
9859  375
9860  430
9861  485
9862  540
9863  595
9864  650
9865  266
9866  324
9867  379
9868  435
9869  490
9870  545
9871  600
9872  654
9873  258
9874  315
9875  370
9876  425
9877  479
9878  534
9879  588
9880  643
9881  261
9882  318
9883  373
9884  428
9885  483
9886  537
9887  592
9888  647
9889  224
9890  317
9891  372
9892  427
9893  482
9894  536
9895  591
9896  660
9897  250
9898  324
9899  380
9900  435
9901  490
9902  545
9903  613
9904  668
9905  250
9906  308
9907  363
9908  418
9909  474
9910  543
9911  598
9912  653
9913  253
9914  310
9915  365
9916  420
9917  489
9918  543
9919  598
9920  653
9921  243
9922  300
9923  354
9924  410
9925  478
9926  532
9927  587
9928  642
9929  246
9930  301
9931  356
9932  426
9933  481
9934  536
9935  590
9936  645
9937  268
9938  337
9939  393
9940  448
9941  503
9942  557
9943  612
9944  667
9945  248
9946  318
9947  373
9948  428
9949  483
9950  538
9951  592
9952  647
9953  260
9954  317
9955  373
9956  428
9957  482
9958  537
9959  591
9960  646
9961  270
9962  326
9963  381
9964  436
9965  491
9966  545
9967  600
9968  655
9969  252
9970  310
9971  364
9972  420
9973  474
9974  529
9975  583
9976  638
9977  317
9978  378
9979  435
9980  489
9981  544
9982  600
9983  656
9984  711
9985  250
9986  322
9987  378
9988  433
9989  487
9990  542
9991  597
9992  651
9993  238
9994  302
9995  358
9996  412
9997  467
9998  522
9999  577
min: 224 mean: 456.801 max: 2043 sdev: 130.525
