0  248
1  252
2  292
3  345
4  299
5  254
6  388
7  294
8  262
9  252
10  267
11  256
12  242
13  266
14  249
15  250
16  248
17  251
18  242
19  255
20  246
21  279
22  349
23  278
24  249
25  264
26  247
27  260
28  249
29  250
30  248
31  252
32  247
33  267
34  249
35  251
36  264
37  250
38  256
39  264
40  261
41  259
42  344
43  276
44  257
45  255
46  247
47  260
48  258
49  252
50  260
51  253
52  268
53  294
54  251
55  250
56  256
57  249
58  247
59  249
60  259
61  250
62  343
63  294
64  265
65  299
66  271
67  267
68  248
69  258
70  248
71  258
72  248
73  287
74  268
75  246
76  259
77  248
78  253
79  262
80  252
81  258
82  349
83  276
84  249
85  287
86  258
87  260
88  266
89  265
90  270
91  251
92  258
93  285
94  270
95  251
96  247
97  251
98  249
99  252
100  256
101  254
102  338
103  294
104  380
105  271
106  261
107  289
108  259
109  249
110  248
111  268
112  255
113  267
114  249
115  250
116  246
117  250
118  249
119  249
120  248
121  252
122  351
123  281
124  252
125  272
126  247
127  262
128  257
129  258
130  255
131  258
132  247
133  272
134  255
135  253
136  265
137  245
138  250
139  251
140  254
141  297
142  314
143  296
144  278
145  256
146  248
147  259
148  257
149  258
150  261
151  251
152  247
153  281
154  250
155  251
156  247
157  249
158  253
159  257
160  260
161  298
162  298
163  285
164  262
165  246
166  257
167  261
168  266
169  259
170  250
171  253
172  254
173  255
174  249
175  251
176  241
177  263
178  256
179  269
180  245
181  312
182  301
183  274
184  284
185  289
186  259
187  262
188  247
189  252
190  244
191  252
192  250
193  270
194  263
195  252
196  247
197  250
198  259
199  256
200  248
201  299
202  302
203  288
204  281
205  255
206  254
207  271
208  257
209  246
210  247
211  263
212  253
213  267
214  258
215  263
216  246
217  243
218  252
219  251
220  254
221  311
222  301
223  273
224  261
225  253
226  247
227  264
228  246
229  264
230  246
231  253
232  241
233  264
234  242
235  255
236  266
237  257
238  248
239  251
240  245
241  297
242  300
243  285
244  251
245  254
246  254
247  334
248  253
249  264
250  273
251  269
252  248
253  284
254  250
255  251
256  260
257  252
258  249
259  244
260  247
261  299
262  300
263  288
264  275
265  260
266  258
267  271
268  259
269  253
270  255
271  257
272  248
273  270
274  250
275  251
276  246
277  247
278  246
279  262
280  264
281  311
282  304
283  276
284  251
285  285
286  261
287  271
288  259
289  252
290  242
291  254
292  256
293  280
294  249
295  245
296  246
297  251
298  258
299  256
300  248
301  299
302  312
303  297
304  301
305  265
306  255
307  271
308  260
309  244
310  248
311  258
312  250
313  265
314  248
315  251
316  259
317  248
318  253
319  250
320  252
321  304
322  314
323  272
324  250
325  249
326  247
327  274
328  260
329  251
330  255
331  257
332  245
333  284
334  253
335  249
336  250
337  281
338  248
339  249
340  253
341  298
342  298
343  275
344  263
345  252
346  246
347  258
348  242
349  260
350  248
351  277
352  253
353  283
354  249
355  249
356  245
357  254
358  245
359  247
360  240
361  298
362  299
363  271
364  258
365  245
366  277
367  269
368  270
369  261
370  249
371  251
372  248
373  263
374  247
375  251
376  250
377  256
378  245
379  254
380  245
381  308
382  302
383  273
384  258
385  293
386  277
387  259
388  251
389  251
390  251
391  252
392  251
393  276
394  261
395  264
396  248
397  250
398  247
399  251
400  255
401  301
402  313
403  314
404  262
405  254
406  252
407  273
408  267
409  262
410  249
411  251
412  248
413  262
414  297
415  257
416  253
417  252
418  246
419  250
420  265
421  304
422  311
423  305
424  263
425  247
426  247
427  252
428  253
429  249
430  246
431  245
432  246
433  262
434  252
435  253
436  262
437  250
438  265
439  244
440  246
441  317
442  301
443  283
444  257
445  257
446  247
447  278
448  252
449  257
450  255
451  252
452  277
453  277
454  250
455  264
456  248
457  249
458  246
459  262
460  246
461  298
462  300
463  275
464  256
465  259
466  272
467  269
468  263
469  244
470  249
471  250
472  265
473  273
474  243
475  251
476  257
477  255
478  245
479  242
480  254
481  309
482  299
483  274
484  251
485  291
486  251
487  283
488  252
489  267
490  258
491  252
492  247
493  283
494  255
495  271
496  247
497  249
498  246
499  250
500  257
501  261
502  257
503  259
504  243
505  251
506  243
507  257
508  244
509  273
510  247
511  263
512  245
513  325
514  253
515  256
516  294
517  286
518  265
519  302
520  249
521  262
522  243
523  253
524  245
525  250
526  238
527  253
528  255
529  267
530  246
531  254
532  238
533  310
534  263
535  247
536  301
537  264
538  256
539  273
540  245
541  262
542  263
543  254
544  240
545  297
546  250
547  267
548  245
549  269
550  247
551  276
552  296
553  261
554  287
555  256
556  300
557  259
558  253
559  266
560  255
561  264
562  250
563  284
564  252
565  260
566  243
567  252
568  259
569  267
570  257
571  263
572  292
573  260
574  250
575  253
576  292
577  268
578  251
579  287
580  252
581  268
582  252
583  259
584  244
585  277
586  256
587  245
588  248
589  277
590  247
591  254
592  293
593  260
594  241
595  259
596  327
597  262
598  271
599  284
600  246
601  262
602  263
603  275
604  241
605  251
606  242
607  252
608  238
609  266
610  246
611  261
612  292
613  302
614  251
615  247
616  294
617  293
618  248
619  301
620  263
621  256
622  245
623  246
624  254
625  245
626  249
627  249
628  257
629  265
630  243
631  246
632  296
633  260
634  246
635  305
636  249
637  255
638  265
639  277
640  254
641  266
642  246
643  269
644  244
645  255
646  244
647  258
648  243
649  273
650  245
651  253
652  292
653  253
654  249
655  313
656  260
657  262
658  260
659  274
660  254
661  254
662  250
663  284
664  252
665  262
666  244
667  249
668  247
669  276
670  240
671  248
672  318
673  270
674  248
675  302
676  251
677  284
678  259
679  271
680  249
681  260
682  251
683  260
684  244
685  254
686  259
687  269
688  244
689  266
690  244
691  277
692  285
693  261
694  241
695  303
696  279
697  270
698  258
699  261
700  258
701  257
702  243
703  252
704  250
705  257
706  243
707  250
708  259
709  278
710  245
711  253
712  303
713  279
714  250
715  322
716  245
717  288
718  255
719  271
720  256
721  254
722  243
723  254
724  248
725  251
726  255
727  256
728  244
729  266
730  269
731  260
732  291
733  259
734  247
735  299
736  247
737  252
738  259
739  268
740  252
741  253
742  244
743  274
744  262
745  256
746  257
747  253
748  244
749  259
750  243
751  253
752  296
753  259
754  269
755  299
756  256
757  269
758  246
759  277
760  260
761  266
762  259
763  277
764  251
765  265
766  253
767  257
768  245
769  265
770  249
771  258
772  293
773  278
774  249
775  299
776  251
777  272
778  270
779  276
780  251
781  248
782  274
783  252
784  247
785  249
786  247
787  257
788  258
789  270
790  241
791  251
792  293
793  258
794  246
795  313
796  306
797  265
798  258
799  279
800  263
801  271
802  259
803  251
804  246
805  253
806  252
807  251
808  244
809  264
810  241
811  250
812  296
813  295
814  250
815  310
816  263
817  299
818  258
819  270
820  262
821  255
822  249
823  258
824  245
825  296
826  248
827  252
828  245
829  265
830  273
831  269
832  294
833  274
834  261
835  297
836  245
837  263
838  248
839  266
840  258
841  253
842  241
843  251
844  253
845  262
846  251
847  261
848  256
849  264
850  247
851  250
852  293
853  260
854  248
855  300
856  255
857  261
858  263
859  280
860  260
861  253
862  248
863  277
864  261
865  265
866  239
867  249
868  245
869  273
870  254
871  253
872  294
873  275
874  248
875  298
876  250
877  272
878  248
879  265
880  264
881  259
882  259
883  253
884  247
885  257
886  258
887  250
888  262
889  265
890  247
891  251
892  294
893  262
894  248
895  299
896  292
897  258
898  261
899  289
900  259
901  260
902  259
903  251
904  246
905  250
906  247
907  249
908  252
909  258
910  246
911  255
912  300
913  281
914  242
915  328
916  278
917  308
918  260
919  263
920  274
921  256
922  241
923  251
924  247
925  249
926  246
927  248
928  246
929  264
930  249
931  264
932  293
933  263
934  260
935  303
936  257
937  261
938  266
939  268
940  255
941  254
942  253
943  252
944  245
945  264
946  267
947  252
948  246
949  263
950  248
951  251
952  299
953  259
954  247
955  313
956  257
957  261
958  246
959  264
960  267
961  257
962  247
963  275
964  249
965  267
966  250
967  259
968  245
969  273
970  254
971  258
972  292
973  260
974  263
975  302
976  249
977  261
978  272
979  261
980  255
981  258
982  246
983  250
984  246
985  249
986  259
987  253
988  268
989  276
990  261
991  252
992  294
993  260
994  247
995  297
996  290
997  276
998  253
999  267
1000  254
1001  255
1002  259
1003  279
1004  248
1005  251
1006  247
1007  261
1008  246
1009  272
1010  252
1011  252
1012  293
1013  289
1014  256
1015  298
1016  293
1017  278
1018  256
1019  268
1020  275
1021  249
1022  248
1023  254
1024  259
1025  251
1026  245
1027  246
1028  246
1029  266
1030  247
1031  264
1032  295
1033  260
1034  245
1035  298
1036  260
1037  277
1038  272
1039  261
1040  256
1041  250
1042  251
1043  244
1044  253
1045  249
1046  264
1047  250
1048  244
1049  262
1050  262
1051  258
1052  294
1053  257
1054  248
1055  309
1056  260
1057  253
1058  260
1059  284
1060  272
1061  252
1062  245
1063  277
1064  248
1065  250
1066  246
1067  241
1068  246
1069  265
1070  248
1071  248
1072  307
1073  270
1074  259
1075  312
1076  275
1077  310
1078  253
1079  267
1080  260
1081  261
1082  251
1083  252
1084  249
1085  244
1086  249
1087  249
1088  254
1089  276
1090  265
1091  248
1092  298
1093  272
1094  250
1095  334
1096  269
1097  247
1098  272
1099  271
1100  260
1101  254
1102  260
1103  255
1104  247
1105  249
1106  246
1107  262
1108  247
1109  268
1110  246
1111  251
1112  302
1113  275
1114  244
1115  298
1116  298
1117  280
1118  258
1119  283
1120  267
1121  252
1122  255
1123  252
1124  266
1125  249
1126  245
1127  250
1128  259
1129  264
1130  251
1131  268
1132  296
1133  259
1134  250
1135  295
1136  253
1137  244
1138  259
1139  267
1140  257
1141  267
1142  254
1143  251
1144  247
1145  272
1146  273
1147  257
1148  247
1149  263
1150  255
1151  249
1152  295
1153  258
1154  275
1155  303
1156  266
1157  265
1158  275
1159  300
1160  271
1161  248
1162  267
1163  282
1164  254
1165  251
1166  246
1167  249
1168  247
1169  265
1170  250
1171  252
1172  299
1173  260
1174  263
1175  308
1176  262
1177  248
1178  258
1179  280
1180  259
1181  266
1182  255
1183  251
1184  248
1185  251
1186  247
1187  257
1188  257
1189  269
1190  244
1191  252
1192  306
1193  276
1194  256
1195  333
1196  277
1197  268
1198  257
1199  267
1200  259
1201  249
1202  261
1203  251
1204  241
1205  249
1206  247
1207  248
1208  247
1209  270
1210  268
1211  257
1212  296
1213  295
1214  252
1215  312
1216  294
1217  265
1218  268
1219  267
1220  258
1221  252
1222  247
1223  248
1224  247
1225  256
1226  247
1227  264
1228  248
1229  262
1230  263
1231  410
1232  292
1233  263
1234  242
1235  299
1236  249
1237  273
1238  248
1239  258
1240  258
1241  251
1242  261
1243  261
1244  259
1245  249
1246  268
1247  242
1248  249
1249  265
1250  248
1251  251
1252  289
1253  258
1254  250
1255  294
1256  256
1257  254
1258  270
1259  281
1260  270
1261  248
1262  275
1263  266
1264  247
1265  251
1266  259
1267  256
1268  250
1269  265
1270  243
1271  251
1272  306
1273  259
1274  250
1275  299
1276  273
1277  274
1278  251
1279  267
1280  251
1281  258
1282  255
1283  250
1284  246
1285  243
1286  247
1287  261
1288  240
1289  264
1290  247
1291  251
1292  298
1293  254
1294  263
1295  332
1296  259
1297  255
1298  260
1299  266
1300  273
1301  268
1302  249
1303  251
1304  246
1305  248
1306  246
1307  257
1308  247
1309  263
1310  249
1311  251
1312  312
1313  258
1314  248
1315  324
1316  285
1317  274
1318  255
1319  265
1320  257
1321  254
1322  257
1323  250
1324  247
1325  252
1326  247
1327  251
1328  247
1329  278
1330  270
1331  252
1332  292
1333  260
1334  249
1335  300
1336  259
1337  253
1338  274
1339  268
1340  252
1341  260
1342  240
1343  249
1344  251
1345  260
1346  252
1347  263
1348  240
1349  265
1350  249
1351  260
1352  293
1353  257
1354  295
1355  251
1356  251
1357  259
1358  248
1359  289
1360  246
1361  252
1362  276
1363  253
1364  260
1365  256
1366  248
1367  249
1368  245
1369  267
1370  250
1371  252
1372  293
1373  265
1374  303
1375  255
1376  257
1377  253
1378  269
1379  275
1380  247
1381  274
1382  261
1383  253
1384  248
1385  249
1386  254
1387  244
1388  252
1389  266
1390  250
1391  252
1392  294
1393  258
1394  293
1395  286
1396  266
1397  263
1398  250
1399  287
1400  259
1401  259
1402  264
1403  258
1404  245
1405  372
1406  254
1407  251
1408  245
1409  265
1410  300
1411  292
1412  273
1413  258
1414  296
1415  268
1416  293
1417  246
1418  253
1419  294
1420  289
1421  248
1422  272
1423  249
1424  245
1425  247
1426  256
1427  246
1428  253
1429  253
1430  254
1431  298
1432  262
1433  262
1434  300
1435  248
1436  255
1437  266
1438  267
1439  261
1440  263
1441  239
1442  253
1443  249
1444  244
1445  258
1446  277
1447  243
1448  265
1449  240
1450  256
1451  313
1452  257
1453  249
1454  300
1455  262
1456  256
1457  250
1458  280
1459  269
1460  266
1461  245
1462  280
1463  244
1464  254
1465  238
1466  251
1467  244
1468  267
1469  264
1470  256
1471  292
1472  279
1473  241
1474  313
1475  247
1476  285
1477  245
1478  268
1479  258
1480  254
1481  251
1482  260
1483  244
1484  253
1485  244
1486  251
1487  258
1488  261
1489  259
1490  263
1491  290
1492  252
1493  247
1494  302
1495  280
1496  262
1497  243
1498  279
1499  261
1500  258
1501  245
1502  247
1503  254
1504  282
1505  254
1506  249
1507  241
1508  292
1509  241
1510  254
1511  290
1512  284
1513  249
1514  301
1515  247
1516  338
1517  248
1518  293
1519  254
1520  261
1521  243
1522  267
1523  243
1524  248
1525  244
1526  264
1527  242
1528  268
1529  245
1530  255
1531  292
1532  277
1533  264
1534  306
1535  247
1536  254
1537  255
1538  263
1539  267
1540  270
1541  244
1542  253
1543  249
1544  251
1545  243
1546  265
1547  243
1548  280
1549  243
1550  255
1551  284
1552  261
1553  249
1554  308
1555  248
1556  279
1557  244
1558  282
1559  250
1560  254
1561  241
1562  291
1563  246
1564  253
1565  244
1566  252
1567  241
1568  268
1569  243
1570  253
1571  292
1572  260
1573  247
1574  317
1575  260
1576  275
1577  263
1578  275
1579  267
1580  261
1581  244
1582  252
1583  239
1584  253
1585  244
1586  257
1587  251
1588  267
1589  250
1590  253
1591  305
1592  260
1593  254
1594  294
1595  288
1596  282
1597  241
1598  275
1599  256
1600  253
1601  242
1602  255
1603  243
1604  253
1605  236
1606  265
1607  247
1608  270
1609  243
1610  254
1611  307
1612  284
1613  248
1614  315
1615  242
1616  284
1617  262
1618  263
1619  255
1620  267
1621  244
1622  252
1623  241
1624  259
1625  241
1626  251
1627  241
1628  274
1629  255
1630  257
1631  292
1632  261
1633  246
1634  313
1635  258
1636  266
1637  239
1638  267
1639  261
1640  252
1641  243
1642  253
1643  241
1644  252
1645  249
1646  266
1647  256
1648  266
1649  236
1650  276
1651  290
1652  263
1653  246
1654  302
1655  248
1656  259
1657  252
1658  268
1659  256
1660  255
1661  243
1662  282
1663  265
1664  271
1665  240
1666  250
1667  241
1668  285
1669  244
1670  253
1671  291
1672  259
1673  244
1674  315
1675  248
1676  308
1677  246
1678  284
1679  272
1680  269
1681  251
1682  256
1683  244
1684  253
1685  244
1686  249
1687  241
1688  267
1689  237
1690  251
1691  290
1692  261
1693  258
1694  310
1695  288
1696  251
1697  272
1698  295
1699  263
1700  255
1701  242
1702  263
1703  241
1704  259
1705  244
1706  251
1707  242
1708  277
1709  244
1710  253
1711  291
1712  283
1713  244
1714  303
1715  294
1716  281
1717  245
1718  266
1719  253
1720  261
1721  242
1722  265
1723  248
1724  249
1725  242
1726  250
1727  240
1728  265
1729  243
1730  252
1731  284
1732  259
1733  246
1734  303
1735  239
1736  257
1737  268
1738  281
1739  253
1740  252
1741  237
1742  254
1743  242
1744  252
1745  247
1746  250
1747  241
1748  270
1749  244
1750  247
1751  313
1752  282
1753  268
1754  305
1755  263
1756  271
1757  241
1758  275
1759  254
1760  258
1761  244
1762  274
1763  247
1764  256
1765  244
1766  264
1767  242
1768  268
1769  263
1770  253
1771  293
1772  262
1773  245
1774  306
1775  243
1776  255
1777  261
1778  262
1779  256
1780  273
1781  235
1782  249
1783  244
1784  247
1785  236
1786  254
1787  256
1788  267
1789  251
1790  251
1791  303
1792  261
1793  243
1794  307
1795  302
1796  270
1797  243
1798  268
1799  249
1800  260
1801  243
1802  253
1803  249
1804  270
1805  254
1806  250
1807  242
1808  279
1809  250
1810  260
1811  295
1812  284
1813  245
1814  305
1815  277
1816  259
1817  247
1818  270
1819  252
1820  248
1821  256
1822  257
1823  237
1824  262
1825  249
1826  250
1827  241
1828  263
1829  242
1830  251
1831  288
1832  262
1833  243
1834  301
1835  244
1836  261
1837  243
1838  279
1839  276
1840  265
1841  252
1842  246
1843  243
1844  255
1845  250
1846  253
1847  242
1848  267
1849  244
1850  251
1851  289
1852  261
1853  264
1854  295
1855  251
1856  245
1857  263
1858  275
1859  259
1860  254
1861  250
1862  279
1863  243
1864  261
1865  242
1866  252
1867  253
1868  282
1869  250
1870  258
1871  292
1872  262
1873  249
1874  316
1875  269
1876  263
1877  282
1878  269
1879  255
1880  258
1881  238
1882  272
1883  247
1884  246
1885  247
1886  251
1887  245
1888  265
1889  247
1890  253
1891  294
1892  275
1893  260
1894  302
1895  294
1896  276
1897  267
1898  277
1899  253
1900  254
1901  246
1902  251
1903  247
1904  250
1905  246
1906  249
1907  246
1908  267
1909  246
1910  266
1911  299
1912  287
1913  251
1914  301
1915  284
1916  269
1917  247
1918  266
1919  262
1920  254
1921  248
1922  253
1923  246
1924  253
1925  257
1926  263
1927  257
1928  274
1929  251
1930  253
1931  306
1932  261
1933  247
1934  298
1935  248
1936  251
1937  260
1938  269
1939  268
1940  270
1941  247
1942  253
1943  246
1944  246
1945  265
1946  245
1947  244
1948  267
1949  257
1950  255
1951  300
1952  258
1953  248
1954  313
1955  255
1956  259
1957  247
1958  273
1959  263
1960  260
1961  241
1962  292
1963  244
1964  246
1965  248
1966  261
1967  246
1968  268
1969  261
1970  254
1971  295
1972  260
1973  243
1974  295
1975  260
1976  253
1977  256
1978  274
1979  270
1980  274
1981  248
1982  250
1983  257
1984  264
1985  259
1986  252
1987  246
1988  272
1989  250
1990  252
1991  295
1992  258
1993  239
1994  335
1995  259
1996  261
1997  264
1998  280
1999  256
2000  253
2001  248
2002  252
2003  242
2004  256
2005  247
2006  251
2007  246
2008  264
2009  247
2010  247
2011  295
2012  295
2013  250
2014  309
2015  276
2016  258
2017  297
2018  281
2019  256
2020  246
2021  247
2022  245
2023  245
2024  250
2025  246
2026  249
2027  250
2028  263
2029  247
2030  244
2031  306
2032  275
2033  247
2034  303
2035  256
2036  263
2037  248
2038  270
2039  258
2040  253
2041  260
2042  252
2043  254
2044  249
2045  251
2046  250
2047  245
2048  267
2049  247
2050  265
2051  296
2052  260
2053  250
2054  299
2055  255
2056  270
2057  267
2058  270
2059  256
2060  253
2061  253
2062  281
2063  248
2064  252
2065  246
2066  249
2067  245
2068  278
2069  249
2070  264
2071  307
2072  261
2073  284
2074  290
2075  263
2076  262
2077  248
2078  281
2079  248
2080  267
2081  247
2082  253
2083  247
2084  252
2085  268
2086  252
2087  245
2088  263
2089  263
2090  251
2091  287
2092  263
2093  315
2094  291
2095  266
2096  259
2097  278
2098  294
2099  260
2100  261
2101  261
2102  262
2103  248
2104  251
2105  247
2106  249
2107  246
2108  264
2109  250
2110  253
2111  296
2112  294
2113  297
2114  254
2115  280
2116  272
2117  289
2118  291
2119  243
2120  250
2121  247
2122  264
2123  245
2124  250
2125  248
2126  244
2127  261
2128  264
2129  259
2130  247
2131  293
2132  260
2133  301
2134  254
2135  243
2136  264
2137  257
2138  272
2139  242
2140  258
2141  261
2142  250
2143  246
2144  251
2145  249
2146  248
2147  246
2148  263
2149  242
2150  252
2151  291
2152  259
2153  309
2154  264
2155  249
2156  274
2157  249
2158  279
2159  252
2160  253
2161  243
2162  285
2163  257
2164  330
2165  266
2166  261
2167  250
2168  269
2169  278
2170  261
2171  295
2172  262
2173  293
2174  248
2175  261
2176  253
2177  263
2178  273
2179  249
2180  258
2181  249
2182  259
2183  258
2184  266
2185  249
2186  249
2187  276
2188  258
2189  252
2190  257
2191  287
2192  259
2193  296
2194  294
2195  273
2196  254
2197  260
2198  285
2199  250
2200  253
2201  248
2202  252
2203  247
2204  262
2205  243
2206  256
2207  246
2208  277
2209  249
2210  254
2211  312
2212  272
2213  297
2214  253
2215  281
2216  256
2217  267
2218  275
2219  253
2220  254
2221  262
2222  251
2223  247
2224  249
2225  247
2226  260
2227  259
2228  264
2229  249
2230  247
2231  294
2232  260
2233  298
2234  256
2235  256
2236  250
2237  257
2238  294
2239  262
2240  254
2241  260
2242  252
2243  245
2244  249
2245  251
2246  253
2247  253
2248  269
2249  248
2250  258
2251  293
2252  252
2253  302
2254  253
2255  262
2256  275
2257  279
2258  282
2259  252
2260  248
2261  274
2262  260
2263  247
2264  249
2265  246
2266  254
2267  242
2268  270
2269  255
2270  272
2271  292
2272  258
2273  321
2274  255
2275  309
2276  257
2277  289
2278  279
2279  253
2280  259
2281  249
2282  249
2283  247
2284  263
2285  252
2286  249
2287  247
2288  264
2289  247
2290  318
2291  259
2292  256
2293  302
2294  302
2295  258
2296  252
2297  277
2298  292
2299  251
2300  251
2301  249
2302  247
2303  240
2304  250
2305  247
2306  251
2307  257
2308  276
2309  253
2310  302
2311  289
2312  269
2313  293
2314  254
2315  300
2316  255
2317  250
2318  276
2319  245
2320  251
2321  249
2322  244
2323  247
2324  253
2325  261
2326  243
2327  258
2328  258
2329  242
2330  302
2331  246
2332  253
2333  299
2334  253
2335  247
2336  245
2337  281
2338  277
2339  258
2340  254
2341  260
2342  265
2343  255
2344  250
2345  262
2346  264
2347  247
2348  265
2349  247
2350  299
2351  251
2352  290
2353  298
2354  256
2355  275
2356  245
2357  248
2358  296
2359  264
2360  247
2361  280
2362  252
2363  247
2364  250
2365  246
2366  249
2367  247
2368  263
2369  262
2370  293
2371  253
2372  249
2373  297
2374  253
2375  252
2376  264
2377  268
2378  271
2379  256
2380  273
2381  257
2382  256
2383  259
2384  264
2385  248
2386  244
2387  254
2388  268
2389  252
2390  300
2391  255
2392  257
2393  308
2394  280
2395  272
2396  257
2397  280
2398  276
2399  250
2400  250
2401  250
2402  250
2403  253
2404  250
2405  246
2406  248
2407  246
2408  259
2409  247
2410  317
2411  292
2412  264
2413  297
2414  301
2415  255
2416  272
2417  261
2418  276
2419  251
2420  253
2421  249
2422  256
2423  246
2424  251
2425  247
2426  268
2427  248
2428  284
2429  254
2430  300
2431  271
2432  261
2433  299
2434  253
2435  259
2436  252
2437  254
2438  274
2439  247
2440  270
2441  260
2442  250
2443  246
2444  249
2445  273
2446  267
2447  242
2448  263
2449  254
2450  298
2451  253
2452  259
2453  302
2454  265
2455  260
2456  258
2457  247
2458  278
2459  250
2460  249
2461  271
2462  265
2463  256
2464  248
2465  239
2466  256
2467  255
2468  264
2469  258
2470  295
2471  254
2472  261
2473  292
2474  251
2475  264
2476  255
2477  247
2478  283
2479  269
2480  264
2481  250
2482  254
2483  244
2484  262
2485  246
2486  255
2487  245
2488  267
2489  255
2490  295
2491  250
2492  254
2493  296
2494  290
2495  252
2496  281
2497  263
2498  286
2499  251
2500  259
2501  249
2502  245
2503  246
2504  252
2505  249
2506  244
2507  246
2508  267
2509  249
2510  300
2511  272
2512  263
2513  311
2514  290
2515  267
2516  254
2517  247
2518  280
2519  248
2520  246
2521  241
2522  249
2523  247
2524  252
2525  254
2526  253
2527  258
2528  269
2529  249
2530  294
2531  265
2532  259
2533  299
2534  255
2535  257
2536  275
2537  250
2538  275
2539  241
2540  244
2541  259
2542  249
2543  241
2544  253
2545  246
2546  249
2547  245
2548  272
2549  265
2550  299
2551  252
2552  256
2553  298
2554  256
2555  260
2556  267
2557  253
2558  277
2559  248
2560  252
2561  282
2562  253
2563  241
2564  250
2565  255
2566  247
2567  258
2568  274
2569  249
2570  327
2571  258
2572  256
2573  294
2574  254
2575  266
2576  265
2577  250
2578  274
2579  261
2580  259
2581  246
2582  251
2583  253
2584  282
2585  258
2586  244
2587  253
2588  278
2589  250
2590  301
2591  254
2592  254
2593  297
2594  292
2595  266
2596  257
2597  256
2598  288
2599  250
2600  246
2601  263
2602  250
2603  261
2604  257
2605  246
2606  248
2607  245
2608  263
2609  247
2610  306
2611  278
2612  268
2613  302
2614  287
2615  250
2616  264
2617  249
2618  288
2619  246
2620  260
2621  256
2622  262
2623  247
2624  252
2625  248
2626  249
2627  259
2628  263
2629  249
2630  302
2631  253
2632  262
2633  299
2634  263
2635  254
2636  260
2637  239
2638  273
2639  246
2640  256
2641  256
2642  269
2643  247
2644  254
2645  246
2646  251
2647  245
2648  265
2649  249
2650  306
2651  256
2652  249
2653  302
2654  262
2655  250
2656  281
2657  268
2658  286
2659  257
2660  247
2661  276
2662  261
2663  248
2664  253
2665  247
2666  250
2667  253
2668  280
2669  250
2670  327
2671  261
2672  250
2673  297
2674  267
2675  272
2676  253
2677  250
2678  274
2679  262
2680  252
2681  249
2682  250
2683  253
2684  257
2685  260
2686  250
2687  252
2688  277
2689  261
2690  298
2691  255
2692  253
2693  293
2694  296
2695  259
2696  262
2697  252
2698  270
2699  257
2700  250
2701  247
2702  257
2703  248
2704  252
2705  248
2706  263
2707  241
2708  263
2709  248
2710  300
2711  279
2712  250
2713  303
2714  286
2715  262
2716  254
2717  247
2718  274
2719  257
2720  251
2721  242
2722  244
2723  258
2724  256
2725  247
2726  250
2727  246
2728  279
2729  247
2730  300
2731  260
2732  261
2733  297
2734  253
2735  248
2736  266
2737  250
2738  276
2739  243
2740  267
2741  242
2742  256
2743  255
2744  261
2745  249
2746  249
2747  252
2748  266
2749  252
2750  299
2751  250
2752  263
2753  294
2754  253
2755  260
2756  246
2757  275
2758  282
2759  251
2760  254
2761  288
2762  254
2763  247
2764  256
2765  248
2766  250
2767  245
2768  265
2769  250
2770  293
2771  267
2772  253
2773  297
2774  279
2775  257
2776  265
2777  256
2778  280
2779  256
2780  254
2781  256
2782  248
2783  240
2784  243
2785  259
2786  261
2787  249
2788  261
2789  248
2790  299
2791  252
2792  302
2793  252
2794  292
2795  274
2796  261
2797  255
2798  260
2799  265
2800  251
2801  255
2802  249
2803  246
2804  250
2805  244
2806  246
2807  246
2808  270
2809  261
2810  308
2811  278
2812  333
2813  266
2814  278
2815  260
2816  268
2817  252
2818  266
2819  252
2820  253
2821  247
2822  252
2823  252
2824  250
2825  245
2826  265
2827  259
2828  273
2829  250
2830  307
2831  254
2832  304
2833  251
2834  251
2835  258
2836  260
2837  258
2838  266
2839  249
2840  252
2841  243
2842  271
2843  249
2844  267
2845  249
2846  251
2847  240
2848  271
2849  256
2850  308
2851  253
2852  294
2853  259
2854  252
2855  242
2856  259
2857  302
2858  274
2859  250
2860  263
2861  277
2862  253
2863  245
2864  264
2865  245
2866  249
2867  251
2868  266
2869  244
2870  311
2871  253
2872  293
2873  261
2874  303
2875  257
2876  252
2877  266
2878  280
2879  252
2880  250
2881  248
2882  244
2883  247
2884  250
2885  261
2886  253
2887  247
2888  263
2889  248
2890  298
2891  254
2892  301
2893  287
2894  259
2895  263
2896  276
2897  271
2898  306
2899  260
2900  251
2901  249
2902  249
2903  246
2904  256
2905  247
2906  249
2907  252
2908  265
2909  251
2910  301
2911  292
2912  320
2913  267
2914  309
2915  255
2916  256
2917  255
2918  268
2919  246
2920  260
2921  243
2922  250
2923  248
2924  253
2925  246
2926  250
2927  247
2928  278
2929  249
2930  311
2931  257
2932  306
2933  265
2934  245
2935  253
2936  263
2937  258
2938  267
2939  244
2940  252
2941  250
2942  271
2943  258
2944  255
2945  252
2946  251
2947  245
2948  273
2949  252
2950  301
2951  272
2952  324
2953  255
2954  264
2955  247
2956  272
2957  395
2958  262
2959  290
2960  248
2961  276
2962  248
2963  249
2964  259
2965  248
2966  245
2967  258
2968  265
2969  265
2970  296
2971  256
2972  295
2973  252
2974  252
2975  255
2976  265
2977  272
2978  247
2979  272
2980  263
2981  257
2982  242
2983  251
2984  254
2985  257
2986  234
2987  264
2988  241
2989  251
2990  320
2991  260
2992  303
2993  291
2994  280
2995  257
2996  247
2997  287
2998  257
2999  253
3000  245
3001  246
3002  252
3003  250
3004  248
3005  251
3006  247
3007  267
3008  248
3009  254
3010  295
3011  280
3012  315
3013  250
3014  293
3015  257
3016  262
3017  277
3018  260
3019  251
3020  247
3021  255
3022  253
3023  251
3024  247
3025  249
3026  247
3027  272
3028  257
3029  253
3030  293
3031  273
3032  297
3033  255
3034  256
3035  253
3036  242
3037  267
3038  249
3039  259
3040  255
3041  262
3042  261
3043  254
3044  253
3045  250
3046  253
3047  264
3048  239
3049  252
3050  307
3051  254
3052  289
3053  276
3054  246
3055  253
3056  280
3057  280
3058  242
3059  251
3060  247
3061  275
3062  249
3063  248
3064  248
3065  250
3066  253
3067  281
3068  243
3069  254
3070  317
3071  255
3072  297
3073  253
3074  276
3075  255
3076  247
3077  277
3078  263
3079  260
3080  248
3081  246
3082  246
3083  246
3084  241
3085  275
3086  240
3087  266
3088  249
3089  256
3090  297
3091  260
3092  291
3093  295
3094  257
3095  256
3096  253
3097  274
3098  265
3099  264
3100  254
3101  265
3102  257
3103  253
3104  252
3105  261
3106  245
3107  266
3108  248
3109  253
3110  309
3111  261
3112  305
3113  297
3114  266
3115  258
3116  254
3117  276
3118  259
3119  264
3120  242
3121  252
3122  248
3123  251
3124  240
3125  242
3126  246
3127  258
3128  263
3129  250
3130  294
3131  262
3132  298
3133  257
3134  247
3135  259
3136  296
3137  276
3138  242
3139  255
3140  262
3141  249
3142  260
3143  250
3144  253
3145  250
3146  245
3147  264
3148  248
3149  299
3150  253
3151  254
3152  290
3153  269
3154  265
3155  251
3156  250
3157  296
3158  250
3159  246
3160  276
3161  253
3162  246
3163  257
3164  248
3165  250
3166  247
3167  267
3168  248
3169  290
3170  286
3171  282
3172  306
3173  249
3174  260
3175  254
3176  248
3177  275
3178  252
3179  252
3180  248
3181  251
3182  245
3183  243
3184  252
3185  261
3186  258
3187  267
3188  249
3189  309
3190  254
3191  264
3192  310
3193  290
3194  269
3195  253
3196  250
3197  276
3198  244
3199  271
3200  249
3201  251
3202  249
3203  244
3204  246
3205  248
3206  257
3207  265
3208  263
3209  312
3210  280
3211  254
3212  306
3213  300
3214  254
3215  251
3216  265
3217  283
3218  246
3219  250
3220  253
3221  255
3222  304
3223  262
3224  247
3225  243
3226  258
3227  278
3228  261
3229  296
3230  245
3231  246
3232  290
3233  263
3234  261
3235  246
3236  246
3237  280
3238  249
3239  249
3240  257
3241  254
3242  259
3243  249
3244  266
3245  245
3246  247
3247  272
3248  250
3249  297
3250  254
3251  256
3252  299
3253  258
3254  249
3255  251
3256  259
3257  312
3258  255
3259  248
3260  274
3261  269
3262  248
3263  250
3264  243
3265  248
3266  247
3267  266
3268  251
3269  300
3270  255
3271  270
3272  295
3273  248
3274  282
3275  264
3276  250
3277  280
3278  270
3279  253
3280  255
3281  250
3282  253
3283  249
3284  249
3285  256
3286  259
3287  264
3288  253
3289  297
3290  260
3291  263
3292  293
3293  284
3294  259
3295  280
3296  254
3297  281
3298  243
3299  271
3300  248
3301  248
3302  245
3303  250
3304  251
3305  247
3306  245
3307  264
3308  247
3309  311
3310  277
3311  263
3312  294
3313  300
3314  279
3315  253
3316  258
3317  281
3318  250
3319  252
3320  247
3321  250
3322  243
3323  250
3324  246
3325  249
3326  247
3327  279
3328  248
3329  315
3330  255
3331  256
3332  298
3333  252
3334  237
3335  258
3336  249
3337  281
3338  250
3339  251
3340  242
3341  249
3342  247
3343  262
3344  269
3345  264
3346  247
3347  264
3348  248
3349  296
3350  253
3351  256
3352  303
3353  262
3354  249
3355  250
3356  248
3357  294
3358  263
3359  251
3360  272
3361  254
3362  259
3363  269
3364  247
3365  249
3366  258
3367  265
3368  247
3369  301
3370  246
3371  254
3372  308
3373  254
3374  256
3375  275
3376  243
3377  279
3378  257
3379  267
3380  243
3381  247
3382  246
3383  262
3384  248
3385  262
3386  260
3387  268
3388  256
3389  300
3390  254
3391  254
3392  295
3393  286
3394  262
3395  252
3396  261
3397  274
3398  249
3399  251
3400  262
3401  249
3402  247
3403  253
3404  248
3405  241
3406  246
3407  265
3408  249
3409  295
3410  273
3411  255
3412  304
3413  296
3414  267
3415  276
3416  248
3417  288
3418  250
3419  251
3420  248
3421  252
3422  240
3423  252
3424  257
3425  253
3426  246
3427  266
3428  250
3429  313
3430  252
3431  268
3432  288
3433  252
3434  257
3435  251
3436  247
3437  275
3438  250
3439  252
3440  248
3441  250
3442  248
3443  253
3444  263
3445  244
3446  247
3447  264
3448  250
3449  311
3450  246
3451  255
3452  294
3453  259
3454  249
3455  265
3456  248
3457  285
3458  265
3459  263
3460  278
3461  260
3462  247
3463  250
3464  246
3465  254
3466  246
3467  285
3468  255
3469  298
3470  269
3471  249
3472  319
3473  268
3474  315
3475  255
3476  251
3477  279
3478  258
3479  251
3480  248
3481  250
3482  246
3483  257
3484  260
3485  255
3486  246
3487  258
3488  273
3489  298
3490  254
3491  261
3492  297
3493  294
3494  251
3495  273
3496  274
3497  274
3498  243
3499  253
3500  249
3501  263
3502  260
3503  250
3504  248
3505  262
3506  247
3507  264
3508  247
3509  302
3510  278
3511  306
3512  254
3513  282
3514  264
3515  257
3516  277
3517  269
3518  259
3519  262
3520  244
3521  249
3522  245
3523  250
3524  252
3525  254
3526  245
3527  264
3528  254
3529  301
3530  264
3531  315
3532  253
3533  250
3534  247
3535  268
3536  270
3537  272
3538  251
3539  252
3540  242
3541  248
3542  249
3543  261
3544  249
3545  260
3546  252
3547  264
3548  249
3549  299
3550  253
3551  330
3552  252
3553  268
3554  261
3555  259
3556  272
3557  286
3558  252
3559  267
3560  282
3561  252
3562  247
3563  249
3564  248
3565  248
3566  251
3567  271
3568  243
3569  299
3570  267
3571  297
3572  249
3573  263
3574  273
3575  261
3576  257
3577  268
3578  261
3579  249
3580  246
3581  249
3582  246
3583  251
3584  246
3585  248
3586  246
3587  264
3588  273
3589  294
3590  254
3591  303
3592  254
3593  293
3594  260
3595  257
3596  256
3597  268
3598  249
3599  257
3600  249
3601  251
3602  261
3603  269
3604  247
3605  267
3606  253
3607  271
3608  250
3609  312
3610  277
3611  303
3612  252
3613  276
3614  254
3615  272
3616  268
3617  269
3618  246
3619  249
3620  241
3621  249
3622  240
3623  263
3624  240
3625  248
3626  249
3627  277
3628  249
3629  308
3630  253
3631  312
3632  252
3633  268
3634  245
3635  250
3636  257
3637  264
3638  248
3639  257
3640  258
3641  260
3642  244
3643  253
3644  247
3645  248
3646  250
3647  266
3648  252
3649  304
3650  254
3651  302
3652  251
3653  254
3654  242
3655  261
3656  259
3657  269
3658  335
3659  267
3660  281
3661  263
3662  259
3663  250
3664  244
3665  255
3666  246
3667  265
3668  243
3669  292
3670  254
3671  303
3672  244
3673  274
3674  249
3675  287
3676  269
3677  269
3678  260
3679  260
3680  251
3681  251
3682  248
3683  258
3684  248
3685  248
3686  246
3687  265
3688  251
3689  303
3690  245
3691  303
3692  247
3693  304
3694  259
3695  270
3696  259
3697  271
3698  250
3699  252
3700  249
3701  249
3702  248
3703  261
3704  253
3705  254
3706  247
3707  272
3708  249
3709  300
3710  297
3711  306
3712  253
3713  306
3714  248
3715  253
3716  256
3717  268
3718  263
3719  249
3720  247
3721  250
3722  247
3723  249
3724  246
3725  250
3726  247
3727  272
3728  244
3729  302
3730  253
3731  303
3732  265
3733  263
3734  245
3735  265
3736  256
3737  270
3738  245
3739  252
3740  249
3741  250
3742  255
3743  255
3744  243
3745  250
3746  262
3747  277
3748  270
3749  318
3750  247
3751  299
3752  254
3753  264
3754  248
3755  252
3756  249
3757  267
3758  244
3759  251
3760  276
3761  265
3762  258
3763  268
3764  253
3765  250
3766  245
3767  275
3768  249
3769  298
3770  251
3771  300
3772  251
3773  263
3774  250
3775  273
3776  270
3777  274
3778  251
3779  247
3780  261
3781  263
3782  242
3783  260
3784  248
3785  253
3786  249
3787  267
3788  258
3789  299
3790  265
3791  301
3792  279
3793  280
3794  245
3795  254
3796  263
3797  284
3798  250
3799  251
3800  253
3801  262
3802  255
3803  256
3804  257
3805  261
3806  246
3807  264
3808  253
3809  292
3810  283
3811  306
3812  250
3813  284
3814  265
3815  271
3816  251
3817  258
3818  249
3819  270
3820  247
3821  249
3822  245
3823  249
3824  243
3825  243
3826  245
3827  266
3828  250
3829  297
3830  254
3831  313
3832  265
3833  266
3834  254
3835  253
3836  268
3837  263
3838  248
3839  248
3840  246
3841  249
3842  243
3843  244
3844  245
3845  249
3846  239
3847  269
3848  268
3849  310
3850  267
3851  304
3852  252
3853  250
3854  259
3855  281
3856  267
3857  262
3858  251
3859  252
3860  269
3861  252
3862  259
3863  249
3864  245
3865  248
3866  238
3867  280
3868  263
3869  299
3870  254
3871  314
3872  251
3873  282
3874  251
3875  246
3876  270
3877  282
3878  258
3879  252
3880  250
3881  247
3882  248
3883  248
3884  245
3885  262
3886  253
3887  265
3888  252
3889  311
3890  252
3891  323
3892  287
3893  259
3894  247
3895  271
3896  266
3897  269
3898  249
3899  262
3900  248
3901  250
3902  259
3903  252
3904  241
3905  262
3906  276
3907  265
3908  255
3909  306
3910  277
3911  303
3912  284
3913  266
3914  254
3915  253
3916  256
3917  272
3918  248
3919  276
3920  254
3921  244
3922  245
3923  267
3924  246
3925  249
3926  240
3927  271
3928  249
3929  296
3930  255
3931  304
3932  254
3933  251
3934  263
3935  265
3936  268
3937  279
3938  250
3939  250
3940  248
3941  251
3942  250
3943  255
3944  254
3945  251
3946  244
3947  259
3948  252
3949  309
3950  255
3951  303
3952  248
3953  262
3954  271
3955  259
3956  252
3957  267
3958  266
3959  258
3960  282
3961  254
3962  252
3963  273
3964  249
3965  256
3966  249
3967  267
3968  252
3969  303
3970  252
3971  308
3972  252
3973  262
3974  250
3975  276
3976  257
3977  286
3978  256
3979  258
3980  243
3981  251
3982  246
3983  249
3984  245
3985  255
3986  248
3987  275
3988  258
3989  310
3990  256
3991  317
3992  296
3993  259
3994  250
3995  254
3996  260
3997  266
3998  250
3999  259
4000  249
4001  250
4002  253
4003  251
4004  248
4005  251
4006  277
4007  260
4008  269
4009  311
4010  256
4011  301
4012  284
4013  257
4014  250
4015  266
4016  263
4017  266
4018  249
4019  252
4020  252
4021  250
4022  246
4023  264
4024  247
4025  249
4026  247
4027  276
4028  297
4029  258
4030  250
4031  304
4032  252
4033  255
4034  269
4035  260
4036  262
4037  265
4038  249
4039  250
4040  259
4041  263
4042  246
4043  255
4044  242
4045  249
4046  246
4047  266
4048  294
4049  267
4050  244
4051  297
4052  250
4053  257
4054  247
4055  268
4056  267
4057  267
4058  265
4059  275
4060  251
4061  313
4062  252
4063  263
4064  266
4065  249
4066  242
4067  266
4068  295
4069  265
4070  257
4071  322
4072  253
4073  307
4074  253
4075  264
4076  260
4077  278
4078  263
4079  264
4080  247
4081  253
4082  245
4083  246
4084  238
4085  247
4086  240
4087  264
4088  294
4089  261
4090  256
4091  316
4092  314
4093  274
4094  243
4095  284
4096  281
4097  271
4098  251
4099  252
4100  250
4101  251
4102  247
4103  271
4104  245
4105  242
4106  264
4107  283
4108  287
4109  293
4110  261
4111  307
4112  278
4113  286
4114  251
4115  252
4116  261
4117  269
4118  246
4119  254
4120  257
4121  263
4122  245
4123  249
4124  245
4125  250
4126  245
4127  277
4128  294
4129  252
4130  250
4131  317
4132  249
4133  249
4134  249
4135  266
4136  255
4137  265
4138  247
4139  253
4140  244
4141  250
4142  238
4143  261
4144  249
4145  266
4146  250
4147  259
4148  298
4149  269
4150  270
4151  305
4152  253
4153  264
4154  240
4155  255
4156  262
4157  267
4158  247
4159  279
4160  247
4161  253
4162  256
4163  252
4164  254
4165  250
4166  260
4167  269
4168  295
4169  257
4170  246
4171  297
4172  249
4173  261
4174  264
4175  260
4176  254
4177  269
4178  259
4179  277
4180  251
4181  257
4182  246
4183  263
4184  245
4185  252
4186  244
4187  279
4188  284
4189  260
4190  256
4191  299
4192  302
4193  272
4194  244
4195  255
4196  271
4197  273
4198  245
4199  261
4200  244
4201  251
4202  244
4203  253
4204  244
4205  251
4206  243
4207  280
4208  293
4209  290
4210  251
4211  303
4212  280
4213  266
4214  268
4215  260
4216  252
4217  269
4218  238
4219  253
4220  245
4221  263
4222  260
4223  258
4224  243
4225  251
4226  250
4227  266
4228  291
4229  260
4230  297
4231  260
4232  258
4233  254
4234  245
4235  261
4236  268
4237  266
4238  239
4239  255
4240  244
4241  245
4242  251
4243  254
4244  244
4245  251
4246  242
4247  269
4248  292
4249  266
4250  306
4251  279
4252  250
4253  252
4254  270
4255  266
4256  247
4257  271
4258  251
4259  285
4260  245
4261  253
4262  242
4263  251
4264  244
4265  257
4266  256
4267  283
4268  301
4269  254
4270  292
4271  272
4272  240
4273  280
4274  250
4275  265
4276  246
4277  274
4278  247
4279  257
4280  252
4281  253
4282  244
4283  254
4284  244
4285  262
4286  255
4287  275
4288  298
4289  259
4290  297
4291  258
4292  288
4293  252
4294  267
4295  264
4296  247
4297  268
4298  246
4299  256
4300  243
4301  252
4302  245
4303  270
4304  245
4305  250
4306  242
4307  266
4308  295
4309  286
4310  299
4311  260
4312  277
4313  266
4314  257
4315  263
4316  245
4317  268
4318  246
4319  265
4320  257
4321  256
4322  239
4323  258
4324  268
4325  251
4326  237
4327  267
4328  293
4329  258
4330  294
4331  258
4332  243
4333  254
4334  256
4335  262
4336  245
4337  268
4338  278
4339  261
4340  243
4341  252
4342  265
4343  246
4344  240
4345  245
4346  241
4347  263
4348  291
4349  265
4350  292
4351  252
4352  272
4353  268
4354  245
4355  266
4356  261
4357  268
4358  243
4359  285
4360  252
4361  262
4362  243
4363  254
4364  243
4365  249
4366  242
4367  281
4368  290
4369  264
4370  292
4371  252
4372  244
4373  278
4374  250
4375  257
4376  240
4377  286
4378  246
4379  255
4380  244
4381  252
4382  256
4383  259
4384  242
4385  250
4386  237
4387  271
4388  285
4389  260
4390  306
4391  274
4392  295
4393  260
4394  248
4395  270
4396  255
4397  271
4398  246
4399  256
4400  244
4401  256
4402  243
4403  247
4404  243
4405  258
4406  243
4407  267
4408  307
4409  287
4410  300
4411  274
4412  287
4413  258
4414  259
4415  264
4416  244
4417  277
4418  244
4419  256
4420  243
4421  260
4422  242
4423  247
4424  249
4425  258
4426  268
4427  286
4428  292
4429  264
4430  316
4431  269
4432  258
4433  254
4434  244
4435  267
4436  245
4437  269
4438  243
4439  257
4440  254
4441  271
4442  246
4443  252
4444  254
4445  263
4446  237
4447  269
4448  306
4449  263
4450  292
4451  260
4452  245
4453  253
4454  254
4455  275
4456  245
4457  269
4458  248
4459  279
4460  246
4461  268
4462  256
4463  253
4464  245
4465  253
4466  252
4467  270
4468  293
4469  272
4470  290
4471  253
4472  262
4473  257
4474  252
4475  268
4476  250
4477  268
4478  244
4479  270
4480  256
4481  259
4482  246
4483  252
4484  253
4485  262
4486  243
4487  275
4488  291
4489  259
4490  293
4491  258
4492  295
4493  259
4494  256
4495  266
4496  247
4497  275
4498  259
4499  264
4500  245
4501  260
4502  256
4503  261
4504  248
4505  250
4506  244
4507  268
4508  285
4509  283
4510  295
4511  261
4512  310
4513  274
4514  259
4515  257
4516  239
4517  266
4518  258
4519  257
4520  244
4521  251
4522  249
4523  259
4524  244
4525  250
4526  244
4527  269
4528  297
4529  261
4530  295
4531  252
4532  266
4533  252
4534  242
4535  263
4536  256
4537  268
4538  255
4539  255
4540  278
4541  249
4542  267
4543  251
4544  242
4545  248
4546  253
4547  258
4548  298
4549  279
4550  292
4551  257
4552  261
4553  244
4554  249
4555  260
4556  279
4557  255
4558  252
4559  275
4560  256
4561  247
4562  274
4563  242
4564  251
4565  249
4566  274
4567  267
4568  307
4569  253
4570  329
4571  259
4572  264
4573  248
4574  276
4575  258
4576  274
4577  250
4578  252
4579  250
4580  251
4581  248
4582  259
4583  241
4584  278
4585  257
4586  271
4587  252
4588  300
4589  253
4590  299
4591  284
4592  274
4593  258
4594  251
4595  258
4596  269
4597  250
4598  245
4599  259
4600  259
4601  261
4602  251
4603  239
4604  248
4605  259
4606  264
4607  256
4608  305
4609  277
4610  311
4611  284
4612  249
4613  267
4614  262
4615  254
4616  266
4617  252
4618  264
4619  247
4620  251
4621  246
4622  249
4623  245
4624  248
4625  245
4626  258
4627  248
4628  316
4629  248
4630  296
4631  256
4632  260
4633  250
4634  259
4635  257
4636  281
4637  248
4638  251
4639  250
4640  251
4641  245
4642  267
4643  260
4644  251
4645  239
4646  274
4647  250
4648  289
4649  259
4650  304
4651  256
4652  248
4653  249
4654  278
4655  262
4656  268
4657  267
4658  256
4659  282
4660  253
4661  246
4662  253
4663  247
4664  251
4665  246
4666  267
4667  249
4668  297
4669  251
4670  337
4671  264
4672  306
4673  244
4674  253
4675  257
4676  266
4677  249
4678  253
4679  247
4680  250
4681  254
4682  262
4683  253
4684  251
4685  247
4686  284
4687  250
4688  313
4689  257
4690  305
4691  281
4692  262
4693  249
4694  270
4695  275
4696  267
4697  244
4698  250
4699  247
4700  261
4701  246
4702  247
4703  247
4704  255
4705  245
4706  283
4707  369
4708  299
4709  286
4710  308
4711  285
4712  262
4713  284
4714  269
4715  257
4716  267
4717  255
4718  264
4719  249
4720  251
4721  246
4722  250
4723  268
4724  253
4725  246
4726  266
4727  262
4728  310
4729  263
4730  306
4731  248
4732  253
4733  249
4734  265
4735  260
4736  268
4737  257
4738  251
4739  250
4740  257
4741  261
4742  253
4743  264
4744  261
4745  244
4746  263
4747  251
4748  296
4749  288
4750  304
4751  255
4752  264
4753  247
4754  260
4755  260
4756  268
4757  275
4758  256
4759  274
4760  254
4761  265
4762  251
4763  248
4764  248
4765  240
4766  270
4767  254
4768  299
4769  253
4770  301
4771  264
4772  270
4773  241
4774  294
4775  266
4776  280
4777  254
4778  271
4779  246
4780  249
4781  243
4782  247
4783  244
4784  246
4785  245
4786  280
4787  251
4788  297
4789  252
4790  312
4791  300
4792  272
4793  251
4794  250
4795  270
4796  269
4797  250
4798  249
4799  250
4800  262
4801  253
4802  257
4803  247
4804  250
4805  246
4806  264
4807  250
4808  310
4809  291
4810  304
4811  285
4812  255
4813  259
4814  281
4815  261
4816  272
4817  249
4818  250
4819  250
4820  250
4821  247
4822  249
4823  248
4824  250
4825  247
4826  265
4827  266
4828  300
4829  265
4830  314
4831  254
4832  263
4833  247
4834  257
4835  255
4836  268
4837  245
4838  247
4839  248
4840  250
4841  250
4842  254
4843  254
4844  281
4845  257
4846  265
4847  258
4848  316
4849  250
4850  302
4851  252
4852  249
4853  245
4854  259
4855  259
4856  271
4857  249
4858  263
4859  275
4860  258
4861  247
4862  275
4863  247
4864  245
4865  244
4866  266
4867  250
4868  290
4869  243
4870  300
4871  251
4872  285
4873  243
4874  249
4875  256
4876  273
4877  251
4878  248
4879  259
4880  245
4881  245
4882  249
4883  251
4884  248
4885  244
4886  265
4887  306
4888  271
4889  244
4890  301
4891  288
4892  259
4893  247
4894  266
4895  256
4896  278
4897  245
4898  266
4899  255
4900  249
4901  253
4902  256
4903  247
4904  248
4905  240
4906  263
4907  294
4908  256
4909  277
4910  302
4911  283
4912  270
4913  259
4914  256
4915  269
4916  263
4917  271
4918  254
4919  254
4920  249
4921  245
4922  251
4923  247
4924  248
4925  240
4926  262
4927  295
4928  257
4929  251
4930  326
4931  268
4932  246
4933  247
4934  281
4935  259
4936  269
4937  246
4938  254
4939  248
4940  249
4941  252
4942  261
4943  247
4944  262
4945  259
4946  263
4947  287
4948  273
4949  302
4950  261
4951  252
4952  266
4953  248
4954  260
4955  251
4956  264
4957  248
4958  269
4959  262
4960  252
4961  254
4962  252
4963  246
4964  250
4965  245
4966  286
4967  301
4968  259
4969  303
4970  278
4971  250
4972  261
4973  264
4974  272
4975  250
4976  275
4977  251
4978  253
4979  248
4980  252
4981  247
4982  251
4983  253
4984  266
4985  247
4986  275
4987  319
4988  261
4989  299
4990  256
4991  291
4992  266
4993  250
4994  265
4995  246
4996  269
4997  251
4998  254
4999  242
5000  279
5001  261
5002  256
5003  246
5004  250
5005  260
5006  265
5007  296
5008  278
5009  304
5010  258
5011  282
5012  255
5013  257
5014  268
5015  247
5016  279
5017  250
5018  262
5019  246
5020  250
5021  242
5022  257
5023  244
5024  248
5025  245
5026  264
5027  294
5028  256
5029  297
5030  269
5031  260
5032  266
5033  248
5034  258
5035  253
5036  278
5037  250
5038  253
5039  248
5040  249
5041  253
5042  264
5043  245
5044  250
5045  248
5046  277
5047  289
5048  257
5049  300
5050  259
5051  251
5052  252
5053  271
5054  262
5055  254
5056  273
5057  263
5058  278
5059  261
5060  267
5061  241
5062  250
5063  245
5064  249
5065  246
5066  262
5067  296
5068  265
5069  308
5070  269
5071  268
5072  265
5073  251
5074  287
5075  248
5076  273
5077  251
5078  260
5079  248
5080  251
5081  241
5082  256
5083  246
5084  250
5085  246
5086  259
5087  307
5088  277
5089  310
5090  259
5091  285
5092  266
5093  254
5094  255
5095  255
5096  265
5097  247
5098  251
5099  245
5100  248
5101  245
5102  242
5103  258
5104  245
5105  246
5106  278
5107  296
5108  279
5109  295
5110  256
5111  295
5112  255
5113  249
5114  266
5115  246
5116  266
5117  263
5118  245
5119  246
5120  249
5121  240
5122  249
5123  258
5124  257
5125  245
5126  271
5127  308
5128  262
5129  294
5130  258
5131  248
5132  262
5133  257
5134  261
5135  248
5136  266
5137  255
5138  251
5139  249
5140  245
5141  267
5142  251
5143  254
5144  248
5145  246
5146  260
5147  302
5148  252
5149  298
5150  268
5151  266
5152  256
5153  247
5154  258
5155  252
5156  275
5157  256
5158  299
5159  261
5160  246
5161  269
5162  261
5163  245
5164  243
5165  246
5166  272
5167  296
5168  256
5169  296
5170  258
5171  245
5172  263
5173  259
5174  261
5175  287
5176  276
5177  244
5178  255
5179  261
5180  259
5181  248
5182  251
5183  256
5184  252
5185  247
5186  273
5187  292
5188  256
5189  311
5190  264
5191  299
5192  277
5193  247
5194  254
5195  247
5196  278
5197  248
5198  250
5199  251
5200  249
5201  243
5202  249
5203  251
5204  269
5205  239
5206  258
5207  297
5208  292
5209  314
5210  281
5211  284
5212  260
5213  259
5214  271
5215  248
5216  267
5217  247
5218  266
5219  241
5220  257
5221  243
5222  257
5223  244
5224  243
5225  245
5226  260
5227  306
5228  258
5229  300
5230  266
5231  260
5232  265
5233  264
5234  255
5235  253
5236  266
5237  239
5238  252
5239  247
5240  262
5241  252
5242  265
5243  251
5244  248
5245  239
5246  281
5247  298
5248  280
5249  291
5250  261
5251  244
5252  251
5253  244
5254  269
5255  243
5256  263
5257  245
5258  291
5259  244
5260  254
5261  244
5262  279
5263  256
5264  244
5265  245
5266  265
5267  290
5268  264
5269  309
5270  261
5271  286
5272  268
5273  244
5274  261
5275  258
5276  281
5277  243
5278  252
5279  241
5280  255
5281  246
5282  250
5283  240
5284  250
5285  236
5286  266
5287  290
5288  260
5289  297
5290  260
5291  299
5292  261
5293  266
5294  271
5295  248
5296  277
5297  251
5298  265
5299  243
5300  250
5301  241
5302  250
5303  242
5304  252
5305  254
5306  284
5307  295
5308  285
5309  297
5310  291
5311  267
5312  260
5313  240
5314  267
5315  259
5316  268
5317  240
5318  254
5319  257
5320  266
5321  243
5322  251
5323  237
5324  259
5325  241
5326  273
5327  290
5328  261
5329  292
5330  273
5331  246
5332  254
5333  265
5334  269
5335  264
5336  270
5337  259
5338  256
5339  245
5340  253
5341  250
5342  252
5343  242
5344  247
5345  243
5346  265
5347  291
5348  265
5349  342
5350  274
5351  260
5352  245
5353  242
5354  273
5355  243
5356  267
5357  238
5358  273
5359  246
5360  253
5361  248
5362  254
5363  243
5364  264
5365  252
5366  266
5367  292
5368  266
5369  289
5370  257
5371  252
5372  263
5373  253
5374  264
5375  255
5376  261
5377  245
5378  266
5379  254
5380  245
5381  244
5382  250
5383  242
5384  252
5385  247
5386  277
5387  292
5388  262
5389  290
5390  275
5391  295
5392  271
5393  249
5394  268
5395  241
5396  274
5397  245
5398  255
5399  242
5400  251
5401  252
5402  252
5403  243
5404  268
5405  246
5406  272
5407  303
5408  285
5409  292
5410  292
5411  245
5412  257
5413  253
5414  263
5415  238
5416  265
5417  243
5418  249
5419  241
5420  251
5421  248
5422  282
5423  255
5424  245
5425  238
5426  285
5427  291
5428  258
5429  293
5430  258
5431  253
5432  253
5433  238
5434  259
5435  244
5436  269
5437  267
5438  256
5439  243
5440  267
5441  244
5442  259
5443  240
5444  268
5445  243
5446  277
5447  284
5448  263
5449  291
5450  265
5451  244
5452  264
5453  256
5454  269
5455  243
5456  267
5457  244
5458  286
5459  246
5460  254
5461  255
5462  260
5463  245
5464  258
5465  243
5466  286
5467  297
5468  258
5469  290
5470  257
5471  273
5472  256
5473  261
5474  262
5475  263
5476  272
5477  245
5478  254
5479  261
5480  248
5481  249
5482  249
5483  243
5484  255
5485  245
5486  268
5487  290
5488  260
5489  291
5490  287
5491  250
5492  266
5493  265
5494  258
5495  257
5496  283
5497  244
5498  254
5499  249
5500  258
5501  245
5502  250
5503  248
5504  251
5505  245
5506  269
5507  293
5508  281
5509  326
5510  297
5511  260
5512  264
5513  244
5514  271
5515  244
5516  268
5517  243
5518  253
5519  244
5520  247
5521  242
5522  248
5523  240
5524  248
5525  254
5526  266
5527  292
5528  273
5529  286
5530  257
5531  250
5532  264
5533  258
5534  263
5535  244
5536  262
5537  246
5538  257
5539  254
5540  255
5541  244
5542  253
5543  242
5544  251
5545  252
5546  284
5547  290
5548  258
5549  289
5550  262
5551  264
5552  254
5553  238
5554  277
5555  245
5556  268
5557  245
5558  285
5559  251
5560  253
5561  244
5562  251
5563  243
5564  264
5565  250
5566  279
5567  292
5568  278
5569  302
5570  259
5571  254
5572  254
5573  251
5574  262
5575  249
5576  264
5577  247
5578  263
5579  243
5580  253
5581  251
5582  265
5583  240
5584  271
5585  243
5586  561
5587  292
5588  259
5589  291
5590  294
5591  261
5592  255
5593  246
5594  291
5595  242
5596  275
5597  245
5598  269
5599  318
5600  265
5601  244
5602  252
5603  248
5604  252
5605  241
5606  276
5607  309
5608  281
5609  304
5610  307
5611  254
5612  258
5613  255
5614  275
5615  242
5616  270
5617  259
5618  260
5619  287
5620  264
5621  256
5622  257
5623  242
5624  256
5625  241
5626  273
5627  299
5628  262
5629  295
5630  259
5631  271
5632  253
5633  239
5634  264
5635  244
5636  282
5637  244
5638  252
5639  250
5640  250
5641  249
5642  252
5643  248
5644  253
5645  244
5646  283
5647  291
5648  262
5649  306
5650  275
5651  256
5652  254
5653  265
5654  271
5655  244
5656  266
5657  243
5658  278
5659  246
5660  252
5661  238
5662  250
5663  254
5664  252
5665  256
5666  283
5667  303
5668  302
5669  275
5670  260
5671  268
5672  257
5673  251
5674  249
5675  256
5676  269
5677  244
5678  254
5679  246
5680  264
5681  262
5682  248
5683  244
5684  243
5685  254
5686  272
5687  290
5688  308
5689  257
5690  292
5691  253
5692  247
5693  265
5694  272
5695  244
5696  268
5697  245
5698  266
5699  243
5700  245
5701  245
5702  270
5703  241
5704  252
5705  241
5706  269
5707  285
5708  342
5709  251
5710  293
5711  257
5712  258
5713  276
5714  260
5715  265
5716  266
5717  239
5718  255
5719  257
5720  252
5721  249
5722  258
5723  255
5724  251
5725  250
5726  277
5727  292
5728  309
5729  248
5730  255
5731  244
5732  246
5733  277
5734  258
5735  238
5736  268
5737  245
5738  272
5739  244
5740  252
5741  252
5742  257
5743  237
5744  250
5745  249
5746  268
5747  296
5748  308
5749  248
5750  255
5751  266
5752  265
5753  264
5754  254
5755  256
5756  268
5757  253
5758  284
5759  247
5760  268
5761  256
5762  254
5763  245
5764  252
5765  245
5766  313
5767  261
5768  305
5769  256
5770  254
5771  253
5772  266
5773  266
5774  258
5775  251
5776  266
5777  240
5778  253
5779  243
5780  251
5781  253
5782  265
5783  255
5784  260
5785  245
5786  327
5787  249
5788  301
5789  247
5790  298
5791  256
5792  257
5793  247
5794  256
5795  245
5796  279
5797  256
5798  247
5799  244
5800  250
5801  239
5802  257
5803  242
5804  261
5805  250
5806  306
5807  247
5808  324
5809  251
5810  302
5811  252
5812  248
5813  259
5814  255
5815  245
5816  268
5817  254
5818  256
5819  245
5820  251
5821  258
5822  264
5823  244
5824  251
5825  255
5826  305
5827  246
5828  306
5829  248
5830  262
5831  245
5832  251
5833  264
5834  256
5835  245
5836  272
5837  248
5838  254
5839  258
5840  275
5841  253
5842  246
5843  243
5844  250
5845  246
5846  304
5847  249
5848  301
5849  242
5850  259
5851  244
5852  251
5853  267
5854  267
5855  250
5856  277
5857  292
5858  255
5859  252
5860  251
5861  258
5862  252
5863  260
5864  252
5865  243
5866  307
5867  248
5868  327
5869  271
5870  302
5871  255
5872  254
5873  253
5874  255
5875  266
5876  263
5877  251
5878  260
5879  243
5880  249
5881  251
5882  259
5883  242
5884  264
5885  262
5886  307
5887  247
5888  312
5889  265
5890  289
5891  254
5892  280
5893  273
5894  266
5895  247
5896  277
5897  248
5898  271
5899  245
5900  251
5901  249
5902  251
5903  240
5904  250
5905  245
5906  307
5907  276
5908  323
5909  262
5910  306
5911  246
5912  263
5913  267
5914  260
5915  245
5916  266
5917  243
5918  249
5919  239
5920  254
5921  246
5922  246
5923  244
5924  244
5925  238
5926  321
5927  268
5928  303
5929  259
5930  253
5931  251
5932  271
5933  259
5934  256
5935  237
5936  270
5937  254
5938  255
5939  238
5940  245
5941  270
5942  267
5943  248
5944  248
5945  252
5946  308
5947  256
5948  340
5949  255
5950  271
5951  242
5952  253
5953  250
5954  253
5955  246
5956  276
5957  274
5958  256
5959  247
5960  246
5961  240
5962  260
5963  238
5964  245
5965  247
5966  316
5967  243
5968  307
5969  249
5970  274
5971  254
5972  266
5973  249
5974  256
5975  238
5976  267
5977  258
5978  248
5979  265
5980  256
5981  245
5982  255
5983  239
5984  245
5985  258
5986  303
5987  243
5988  299
5989  245
5990  307
5991  259
5992  274
5993  256
5994  253
5995  250
5996  290
5997  261
5998  260
5999  253
6000  243
6001  244
6002  254
6003  237
6004  255
6005  244
6006  308
6007  275
6008  302
6009  279
6010  258
6011  250
6012  280
6013  276
6014  277
6015  249
6016  269
6017  246
6018  274
6019  242
6020  251
6021  246
6022  251
6023  242
6024  250
6025  243
6026  307
6027  247
6028  318
6029  251
6030  269
6031  242
6032  266
6033  269
6034  249
6035  245
6036  280
6037  249
6038  257
6039  252
6040  256
6041  244
6042  252
6043  254
6044  257
6045  243
6046  301
6047  246
6048  308
6049  266
6050  268
6051  243
6052  263
6053  254
6054  271
6055  238
6056  269
6057  283
6058  255
6059  242
6060  250
6061  251
6062  252
6063  241
6064  252
6065  243
6066  307
6067  254
6068  307
6069  247
6070  263
6071  264
6072  269
6073  260
6074  263
6075  243
6076  274
6077  245
6078  248
6079  235
6080  249
6081  244
6082  251
6083  241
6084  250
6085  259
6086  320
6087  253
6088  304
6089  262
6090  294
6091  247
6092  269
6093  254
6094  263
6095  244
6096  272
6097  251
6098  261
6099  244
6100  253
6101  258
6102  255
6103  257
6104  251
6105  238
6106  307
6107  283
6108  304
6109  280
6110  267
6111  252
6112  253
6113  253
6114  252
6115  237
6116  280
6117  247
6118  253
6119  243
6120  265
6121  263
6122  248
6123  236
6124  252
6125  245
6126  305
6127  247
6128  305
6129  249
6130  270
6131  249
6132  272
6133  323
6134  255
6135  344
6136  262
6137  299
6138  266
6139  264
6140  247
6141  250
6142  261
6143  247
6144  246
6145  271
6146  304
6147  256
6148  298
6149  256
6150  258
6151  243
6152  246
6153  268
6154  249
6155  259
6156  265
6157  283
6158  250
6159  262
6160  254
6161  258
6162  245
6163  250
6164  252
6165  266
6166  294
6167  270
6168  297
6169  255
6170  248
6171  261
6172  262
6173  295
6174  269
6175  268
6176  251
6177  254
6178  253
6179  251
6180  246
6181  250
6182  246
6183  244
6184  251
6185  268
6186  295
6187  258
6188  307
6189  265
6190  321
6191  265
6192  248
6193  278
6194  268
6195  270
6196  251
6197  255
6198  263
6199  259
6200  247
6201  253
6202  243
6203  268
6204  247
6205  276
6206  302
6207  292
6208  299
6209  285
6210  252
6211  256
6212  257
6213  260
6214  254
6215  268
6216  249
6217  259
6218  247
6219  251
6220  246
6221  249
6222  251
6223  243
6224  246
6225  278
6226  302
6227  259
6228  296
6229  276
6230  257
6231  264
6232  247
6233  258
6234  254
6235  270
6236  249
6237  252
6238  248
6239  248
6240  254
6241  250
6242  239
6243  260
6244  258
6245  266
6246  309
6247  260
6248  296
6249  258
6250  249
6251  259
6252  263
6253  278
6254  249
6255  269
6256  249
6257  278
6258  251
6259  251
6260  272
6261  264
6262  244
6263  245
6264  279
6265  266
6266  295
6267  261
6268  295
6269  254
6270  270
6271  257
6272  248
6273  260
6274  266
6275  272
6276  248
6277  253
6278  258
6279  257
6280  246
6281  250
6282  245
6283  249
6284  247
6285  272
6286  298
6287  257
6288  295
6289  268
6290  290
6291  257
6292  248
6293  263
6294  248
6295  286
6296  244
6297  251
6298  247
6299  270
6300  256
6301  256
6302  249
6303  251
6304  251
6305  265
6306  297
6307  320
6308  293
6309  289
6310  257
6311  258
6312  259
6313  272
6314  245
6315  259
6316  255
6317  255
6318  254
6319  251
6320  241
6321  258
6322  241
6323  244
6324  242
6325  269
6326  297
6327  259
6328  293
6329  258
6330  265
6331  262
6332  249
6333  280
6334  255
6335  267
6336  252
6337  255
6338  244
6339  251
6340  250
6341  253
6342  249
6343  249
6344  241
6345  267
6346  288
6347  294
6348  293
6349  261
6350  254
6351  249
6352  244
6353  282
6354  248
6355  269
6356  245
6357  281
6358  252
6359  252
6360  246
6361  253
6362  254
6363  252
6364  241
6365  280
6366  297
6367  263
6368  293
6369  270
6370  255
6371  254
6372  271
6373  264
6374  257
6375  261
6376  261
6377  262
6378  244
6379  251
6380  241
6381  244
6382  251
6383  265
6384  239
6385  262
6386  292
6387  262
6388  289
6389  284
6390  270
6391  256
6392  248
6393  256
6394  244
6395  267
6396  243
6397  253
6398  239
6399  253
6400  257
6401  260
6402  245
6403  253
6404  252
6405  284
6406  292
6407  327
6408  264
6409  290
6410  247
6411  258
6412  264
6413  258
6414  242
6415  270
6416  240
6417  268
6418  250
6419  258
6420  254
6421  254
6422  243
6423  259
6424  244
6425  267
6426  290
6427  310
6428  249
6429  254
6430  250
6431  253
6432  259
6433  250
6434  253
6435  281
6436  255
6437  256
6438  249
6439  249
6440  248
6441  251
6442  243
6443  251
6444  251
6445  269
6446  288
6447  310
6448  258
6449  279
6450  246
6451  253
6452  258
6453  292
6454  251
6455  268
6456  243
6457  292
6458  251
6459  246
6460  246
6461  253
6462  236
6463  264
6464  248
6465  269
6466  290
6467  308
6468  263
6469  303
6470  277
6471  259
6472  245
6473  256
6474  265
6475  269
6476  241
6477  272
6478  253
6479  249
6480  251
6481  252
6482  250
6483  249
6484  243
6485  268
6486  287
6487  323
6488  263
6489  288
6490  257
6491  253
6492  295
6493  267
6494  243
6495  268
6496  243
6497  254
6498  243
6499  250
6500  242
6501  253
6502  241
6503  252
6504  241
6505  274
6506  305
6507  339
6508  248
6509  319
6510  250
6511  267
6512  251
6513  253
6514  249
6515  263
6516  256
6517  256
6518  243
6519  253
6520  244
6521  265
6522  260
6523  245
6524  257
6525  270
6526  291
6527  328
6528  251
6529  261
6530  243
6531  254
6532  259
6533  257
6534  250
6535  269
6536  260
6537  256
6538  288
6539  258
6540  251
6541  268
6542  244
6543  253
6544  251
6545  271
6546  294
6547  335
6548  244
6549  282
6550  262
6551  246
6552  265
6553  261
6554  238
6555  269
6556  245
6557  294
6558  258
6559  248
6560  251
6561  253
6562  261
6563  259
6564  254
6565  286
6566  287
6567  314
6568  245
6569  253
6570  254
6571  253
6572  268
6573  257
6574  251
6575  291
6576  259
6577  249
6578  238
6579  264
6580  242
6581  252
6582  241
6583  250
6584  248
6585  264
6586  288
6587  301
6588  259
6589  305
6590  257
6591  255
6592  252
6593  276
6594  253
6595  268
6596  247
6597  255
6598  251
6599  250
6600  244
6601  247
6602  246
6603  251
6604  245
6605  272
6606  293
6607  344
6608  263
6609  290
6610  262
6611  270
6612  262
6613  255
6614  250
6615  260
6616  239
6617  250
6618  245
6619  251
6620  244
6621  252
6622  246
6623  265
6624  250
6625  272
6626  298
6627  320
6628  261
6629  263
6630  242
6631  253
6632  265
6633  254
6634  245
6635  267
6636  245
6637  259
6638  243
6639  251
6640  250
6641  253
6642  243
6643  250
6644  242
6645  326
6646  262
6647  297
6648  258
6649  254
6650  256
6651  253
6652  278
6653  266
6654  243
6655  267
6656  245
6657  280
6658  246
6659  251
6660  253
6661  258
6662  245
6663  246
6664  256
6665  300
6666  261
6667  320
6668  246
6669  274
6670  255
6671  253
6672  255
6673  261
6674  244
6675  270
6676  245
6677  249
6678  244
6679  251
6680  242
6681  279
6682  254
6683  251
6684  243
6685  319
6686  249
6687  305
6688  248
6689  292
6690  259
6691  256
6692  261
6693  255
6694  246
6695  283
6696  255
6697  257
6698  266
6699  255
6700  242
6701  252
6702  243
6703  251
6704  242
6705  309
6706  248
6707  328
6708  250
6709  312
6710  257
6711  253
6712  255
6713  252
6714  245
6715  279
6716  260
6717  250
6718  244
6719  259
6720  243
6721  253
6722  250
6723  259
6724  255
6725  308
6726  255
6727  305
6728  248
6729  255
6730  239
6731  247
6732  279
6733  251
6734  260
6735  269
6736  247
6737  252
6738  256
6739  266
6740  249
6741  253
6742  251
6743  251
6744  242
6745  300
6746  242
6747  306
6748  251
6749  268
6750  246
6751  265
6752  260
6753  279
6754  255
6755  286
6756  245
6757  281
6758  245
6759  255
6760  245
6761  253
6762  251
6763  246
6764  239
6765  308
6766  249
6767  329
6768  279
6769  266
6770  247
6771  266
6772  271
6773  256
6774  246
6775  267
6776  248
6777  252
6778  243
6779  259
6780  238
6781  253
6782  265
6783  251
6784  242
6785  304
6786  264
6787  306
6788  242
6789  298
6790  256
6791  257
6792  255
6793  253
6794  244
6795  269
6796  260
6797  262
6798  245
6799  252
6800  245
6801  252
6802  244
6803  244
6804  260
6805  308
6806  274
6807  320
6808  288
6809  256
6810  264
6811  280
6812  254
6813  259
6814  244
6815  273
6816  251
6817  251
6818  242
6819  253
6820  251
6821  264
6822  257
6823  250
6824  246
6825  341
6826  251
6827  309
6828  250
6829  267
6830  246
6831  253
6832  254
6833  254
6834  239
6835  270
6836  245
6837  252
6838  244
6839  265
6840  266
6841  256
6842  251
6843  264
6844  245
6845  307
6846  245
6847  303
6848  253
6849  252
6850  246
6851  268
6852  258
6853  265
6854  240
6855  272
6856  294
6857  256
6858  246
6859  252
6860  253
6861  252
6862  243
6863  244
6864  251
6865  305
6866  248
6867  299
6868  249
6869  279
6870  260
6871  255
6872  260
6873  260
6874  258
6875  269
6876  261
6877  248
6878  259
6879  253
6880  250
6881  253
6882  246
6883  252
6884  261
6885  305
6886  250
6887  309
6888  247
6889  294
6890  260
6891  284
6892  257
6893  248
6894  243
6895  275
6896  249
6897  264
6898  256
6899  253
6900  245
6901  251
6902  242
6903  253
6904  245
6905  315
6906  272
6907  317
6908  290
6909  270
6910  260
6911  249
6912  288
6913  262
6914  239
6915  267
6916  245
6917  254
6918  243
6919  251
6920  242
6921  243
6922  242
6923  255
6924  243
6925  325
6926  275
6927  319
6928  253
6929  253
6930  258
6931  262
6932  254
6933  255
6934  244
6935  267
6936  245
6937  253
6938  244
6939  256
6940  246
6941  266
6942  254
6943  250
6944  239
6945  313
6946  249
6947  304
6948  260
6949  261
6950  252
6951  253
6952  248
6953  258
6954  245
6955  267
6956  281
6957  251
6958  245
6959  268
6960  245
6961  265
6962  258
6963  246
6964  243
6965  320
6966  249
6967  307
6968  248
6969  249
6970  274
6971  269
6972  253
6973  264
6974  240
6975  268
6976  249
6977  254
6978  248
6979  265
6980  239
6981  264
6982  251
6983  259
6984  260
6985  307
6986  243
6987  307
6988  248
6989  306
6990  249
6991  254
6992  248
6993  247
6994  246
6995  260
6996  259
6997  248
6998  244
6999  268
7000  238
7001  245
7002  243
7003  250
7004  244
7005  314
7006  273
7007  307
7008  277
7009  256
7010  249
7011  262
7012  262
7013  287
7014  247
7015  261
7016  245
7017  263
7018  242
7019  257
7020  249
7021  251
7022  243
7023  253
7024  245
7025  309
7026  246
7027  320
7028  267
7029  264
7030  247
7031  270
7032  256
7033  262
7034  244
7035  289
7036  240
7037  253
7038  238
7039  256
7040  247
7041  254
7042  236
7043  265
7044  252
7045  308
7046  246
7047  302
7048  264
7049  261
7050  237
7051  268
7052  252
7053  256
7054  243
7055  268
7056  290
7057  268
7058  242
7059  254
7060  244
7061  253
7062  237
7063  253
7064  244
7065  319
7066  268
7067  316
7068  250
7069  306
7070  255
7071  270
7072  261
7073  268
7074  242
7075  266
7076  253
7077  260
7078  243
7079  253
7080  238
7081  244
7082  242
7083  253
7084  242
7085  307
7086  264
7087  314
7088  245
7089  293
7090  247
7091  275
7092  265
7093  258
7094  237
7095  270
7096  237
7097  255
7098  243
7099  252
7100  261
7101  284
7102  254
7103  252
7104  244
7105  329
7106  278
7107  307
7108  287
7109  270
7110  252
7111  256
7112  255
7113  253
7114  243
7115  279
7116  246
7117  258
7118  245
7119  264
7120  248
7121  253
7122  243
7123  264
7124  243
7125  308
7126  302
7127  265
7128  262
7129  267
7130  256
7131  277
7132  248
7133  260
7134  245
7135  273
7136  246
7137  264
7138  238
7139  252
7140  248
7141  253
7142  241
7143  249
7144  239
7145  303
7146  302
7147  289
7148  251
7149  263
7150  243
7151  270
7152  265
7153  258
7154  258
7155  276
7156  265
7157  257
7158  258
7159  270
7160  245
7161  259
7162  240
7163  253
7164  253
7165  309
7166  299
7167  259
7168  252
7169  265
7170  245
7171  285
7172  259
7173  275
7174  243
7175  271
7176  252
7177  251
7178  244
7179  255
7180  238
7181  256
7182  242
7183  251
7184  244
7185  308
7186  299
7187  268
7188  283
7189  314
7190  244
7191  261
7192  245
7193  254
7194  236
7195  266
7196  245
7197  252
7198  244
7199  258
7200  237
7201  255
7202  256
7203  249
7204  244
7205  306
7206  329
7207  263
7208  276
7209  259
7210  277
7211  288
7212  250
7213  262
7214  244
7215  272
7216  261
7217  254
7218  243
7219  248
7220  244
7221  254
7222  237
7223  257
7224  268
7225  313
7226  294
7227  254
7228  265
7229  257
7230  256
7231  273
7232  252
7233  255
7234  242
7235  273
7236  247
7237  256
7238  242
7239  252
7240  244
7241  253
7242  262
7243  249
7244  245
7245  338
7246  298
7247  267
7248  250
7249  253
7250  249
7251  271
7252  249
7253  254
7254  242
7255  266
7256  276
7257  256
7258  239
7259  266
7260  258
7261  251
7262  249
7263  270
7264  242
7265  309
7266  295
7267  258
7268  258
7269  268
7270  245
7271  271
7272  246
7273  260
7274  257
7275  268
7276  258
7277  263
7278  238
7279  256
7280  238
7281  252
7282  243
7283  258
7284  244
7285  314
7286  297
7287  257
7288  293
7289  270
7290  252
7291  285
7292  241
7293  255
7294  259
7295  262
7296  248
7297  252
7298  242
7299  252
7300  248
7301  247
7302  243
7303  264
7304  250
7305  308
7306  324
7307  266
7308  296
7309  257
7310  251
7311  276
7312  245
7313  254
7314  246
7315  278
7316  240
7317  267
7318  243
7319  258
7320  243
7321  251
7322  242
7323  250
7324  243
7325  308
7326  300
7327  257
7328  244
7329  266
7330  238
7331  278
7332  259
7333  253
7334  242
7335  266
7336  246
7337  256
7338  243
7339  256
7340  251
7341  252
7342  244
7343  255
7344  246
7345  301
7346  303
7347  255
7348  246
7349  253
7350  256
7351  262
7352  249
7353  252
7354  242
7355  265
7356  270
7357  256
7358  237
7359  252
7360  243
7361  258
7362  244
7363  248
7364  250
7365  312
7366  300
7367  256
7368  239
7369  264
7370  247
7371  278
7372  255
7373  255
7374  245
7375  279
7376  247
7377  253
7378  237
7379  256
7380  245
7381  264
7382  255
7383  253
7384  246
7385  325
7386  299
7387  259
7388  292
7389  285
7390  246
7391  267
7392  246
7393  253
7394  243
7395  268
7396  253
7397  270
7398  243
7399  258
7400  243
7401  252
7402  241
7403  254
7404  251
7405  309
7406  317
7407  260
7408  270
7409  251
7410  257
7411  271
7412  247
7413  250
7414  243
7415  273
7416  253
7417  252
7418  261
7419  264
7420  251
7421  252
7422  237
7423  245
7424  246
7425  307
7426  301
7427  256
7428  253
7429  254
7430  244
7431  263
7432  245
7433  267
7434  269
7435  268
7436  240
7437  252
7438  257
7439  257
7440  243
7441  254
7442  251
7443  253
7444  276
7445  307
7446  295
7447  266
7448  268
7449  254
7450  247
7451  302
7452  262
7453  252
7454  246
7455  275
7456  275
7457  253
7458  247
7459  249
7460  246
7461  250
7462  259
7463  250
7464  253
7465  299
7466  300
7467  256
7468  272
7469  270
7470  250
7471  266
7472  269
7473  253
7474  247
7475  265
7476  263
7477  251
7478  247
7479  254
7480  247
7481  248
7482  246
7483  249
7484  248
7485  319
7486  297
7487  264
7488  286
7489  275
7490  268
7491  272
7492  250
7493  254
7494  250
7495  266
7496  254
7497  259
7498  247
7499  250
7500  252
7501  257
7502  247
7503  249
7504  261
7505  318
7506  323
7507  282
7508  252
7509  257
7510  250
7511  263
7512  254
7513  250
7514  241
7515  271
7516  256
7517  257
7518  242
7519  247
7520  261
7521  265
7522  259
7523  260
7524  293
7525  276
7526  296
7527  253
7528  248
7529  251
7530  257
7531  274
7532  250
7533  246
7534  258
7535  258
7536  250
7537  252
7538  266
7539  267
7540  254
7541  250
7542  246
7543  248
7544  299
7545  277
7546  299
7547  256
7548  274
7549  266
7550  249
7551  260
7552  253
7553  250
7554  248
7555  273
7556  296
7557  257
7558  252
7559  261
7560  261
7561  253
7562  241
7563  260
7564  301
7565  277
7566  301
7567  255
7568  248
7569  267
7570  257
7571  273
7572  257
7573  271
7574  254
7575  262
7576  248
7577  280
7578  258
7579  248
7580  251
7581  251
7582  247
7583  250
7584  298
7585  278
7586  296
7587  256
7588  297
7589  255
7590  264
7591  272
7592  267
7593  258
7594  255
7595  271
7596  250
7597  253
7598  242
7599  249
7600  246
7601  251
7602  247
7603  249
7604  293
7605  272
7606  344
7607  298
7608  253
7609  261
7610  249
7611  283
7612  249
7613  252
7614  248
7615  261
7616  254
7617  251
7618  247
7619  248
7620  258
7621  250
7622  246
7623  248
7624  304
7625  282
7626  293
7627  254
7628  263
7629  255
7630  249
7631  269
7632  246
7633  251
7634  246
7635  278
7636  249
7637  249
7638  247
7639  252
7640  245
7641  250
7642  240
7643  270
7644  293
7645  271
7646  315
7647  259
7648  250
7649  265
7650  256
7651  264
7652  253
7653  253
7654  248
7655  264
7656  272
7657  255
7658  247
7659  252
7660  268
7661  262
7662  245
7663  250
7664  324
7665  273
7666  318
7667  264
7668  295
7669  264
7670  245
7671  266
7672  261
7673  252
7674  242
7675  266
7676  250
7677  244
7678  264
7679  252
7680  246
7681  250
7682  253
7683  241
7684  293
7685  271
7686  298
7687  256
7688  284
7689  260
7690  285
7691  277
7692  268
7693  252
7694  239
7695  279
7696  255
7697  253
7698  245
7699  249
7700  250
7701  249
7702  243
7703  254
7704  304
7705  283
7706  356
7707  296
7708  303
7709  258
7710  271
7711  261
7712  256
7713  256
7714  262
7715  248
7716  251
7717  246
7718  259
7719  244
7720  250
7721  244
7722  262
7723  252
7724  308
7725  242
7726  305
7727  248
7728  254
7729  244
7730  275
7731  247
7732  252
7733  242
7734  278
7735  245
7736  266
7737  237
7738  250
7739  251
7740  253
7741  246
7742  252
7743  244
7744  307
7745  246
7746  347
7747  265
7748  258
7749  246
7750  268
7751  266
7752  254
7753  244
7754  277
7755  272
7756  258
7757  244
7758  246
7759  244
7760  252
7761  242
7762  249
7763  252
7764  337
7765  269
7766  307
7767  247
7768  256
7769  253
7770  276
7771  253
7772  260
7773  242
7774  268
7775  253
7776  248
7777  243
7778  250
7779  255
7780  252
7781  237
7782  244
7783  255
7784  315
7785  254
7786  321
7787  255
7788  305
7789  247
7790  254
7791  253
7792  260
7793  253
7794  273
7795  245
7796  255
7797  241
7798  253
7799  243
7800  272
7801  243
7802  250
7803  245
7804  321
7805  271
7806  306
7807  286
7808  269
7809  252
7810  265
7811  268
7812  254
7813  243
7814  266
7815  245
7816  253
7817  255
7818  253
7819  243
7820  252
7821  236
7822  254
7823  256
7824  307
7825  253
7826  305
7827  248
7828  263
7829  244
7830  252
7831  254
7832  249
7833  243
7834  265
7835  260
7836  266
7837  259
7838  273
7839  243
7840  252
7841  240
7842  252
7843  243
7844  308
7845  296
7846  255
7847  251
7848  261
7849  244
7850  285
7851  242
7852  284
7853  258
7854  260
7855  273
7856  271
7857  241
7858  251
7859  248
7860  251
7861  242
7862  250
7863  244
7864  317
7865  309
7866  278
7867  251
7868  272
7869  260
7870  275
7871  246
7872  262
7873  244
7874  277
7875  245
7876  256
7877  249
7878  253
7879  245
7880  253
7881  254
7882  260
7883  251
7884  315
7885  297
7886  259
7887  255
7888  307
7889  248
7890  277
7891  261
7892  253
7893  244
7894  276
7895  258
7896  248
7897  243
7898  261
7899  245
7900  252
7901  250
7902  252
7903  244
7904  322
7905  322
7906  262
7907  279
7908  265
7909  264
7910  274
7911  246
7912  254
7913  243
7914  267
7915  240
7916  251
7917  244
7918  251
7919  252
7920  249
7921  244
7922  251
7923  255
7924  322
7925  295
7926  259
7927  245
7928  247
7929  244
7930  282
7931  255
7932  261
7933  244
7934  260
7935  254
7936  254
7937  245
7938  255
7939  254
7940  262
7941  257
7942  257
7943  247
7944  301
7945  289
7946  258
7947  256
7948  254
7949  241
7950  255
7951  247
7952  254
7953  249
7954  271
7955  277
7956  256
7957  238
7958  262
7959  261
7960  254
7961  243
7962  249
7963  250
7964  309
7965  299
7966  258
7967  244
7968  282
7969  245
7970  273
7971  247
7972  254
7973  238
7974  267
7975  247
7976  267
7977  257
7978  251
7979  246
7980  251
7981  237
7982  252
7983  258
7984  309
7985  298
7986  257
7987  251
7988  301
7989  249
7990  267
7991  257
7992  255
7993  243
7994  280
7995  242
7996  256
7997  255
7998  252
7999  249
8000  251
8001  242
8002  257
8003  244
8004  310
8005  320
8006  260
8007  276
8008  254
8009  249
8010  288
8011  260
8012  263
8013  241
8014  274
8015  253
8016  298
8017  246
8018  260
8019  243
8020  252
8021  243
8022  251
8023  237
8024  309
8025  308
8026  270
8027  274
8028  269
8029  247
8030  261
8031  245
8032  265
8033  243
8034  273
8035  245
8036  250
8037  243
8038  255
8039  244
8040  248
8041  256
8042  256
8043  237
8044  309
8045  307
8046  277
8047  255
8048  254
8049  243
8050  286
8051  249
8052  254
8053  237
8054  268
8055  291
8056  257
8057  250
8058  250
8059  243
8060  258
8061  243
8062  251
8063  253
8064  322
8065  292
8066  261
8067  254
8068  273
8069  253
8070  271
8071  249
8072  253
8073  244
8074  268
8075  245
8076  252
8077  244
8078  261
8079  246
8080  252
8081  238
8082  272
8083  250
8084  309
8085  304
8086  265
8087  285
8088  265
8089  238
8090  278
8091  245
8092  247
8093  244
8094  260
8095  239
8096  253
8097  249
8098  261
8099  275
8100  248
8101  249
8102  251
8103  254
8104  308
8105  321
8106  265
8107  299
8108  258
8109  248
8110  272
8111  248
8112  259
8113  255
8114  271
8115  244
8116  264
8117  255
8118  250
8119  243
8120  255
8121  244
8122  250
8123  250
8124  309
8125  294
8126  254
8127  246
8128  267
8129  245
8130  272
8131  247
8132  252
8133  241
8134  284
8135  257
8136  252
8137  244
8138  254
8139  237
8140  244
8141  242
8142  244
8143  243
8144  307
8145  298
8146  261
8147  250
8148  255
8149  250
8150  266
8151  249
8152  253
8153  265
8154  268
8155  272
8156  256
8157  245
8158  279
8159  247
8160  251
8161  242
8162  250
8163  244
8164  310
8165  299
8166  256
8167  246
8168  266
8169  242
8170  298
8171  252
8172  260
8173  257
8174  271
8175  246
8176  248
8177  250
8178  251
8179  243
8180  263
8181  243
8182  251
8183  252
8184  310
8185  296
8186  257
8187  319
8188  266
8189  248
8190  270
8191  259
8192  251
8193  248
8194  265
8195  245
8196  252
8197  241
8198  249
8199  243
8200  256
8201  253
8202  262
8203  243
8204  310
8205  322
8206  296
8207  250
8208  256
8209  243
8210  276
8211  239
8212  246
8213  243
8214  263
8215  242
8216  266
8217  247
8218  247
8219  248
8220  250
8221  235
8222  254
8223  244
8224  299
8225  298
8226  256
8227  257
8228  252
8229  241
8230  280
8231  256
8232  257
8233  242
8234  270
8235  246
8236  253
8237  244
8238  255
8239  242
8240  258
8241  241
8242  270
8243  239
8244  308
8245  310
8246  260
8247  252
8248  253
8249  238
8250  270
8251  249
8252  255
8253  243
8254  259
8255  271
8256  262
8257  243
8258  254
8259  254
8260  258
8261  241
8262  250
8263  244
8264  309
8265  308
8266  260
8267  285
8268  269
8269  247
8270  265
8271  258
8272  252
8273  243
8274  277
8275  263
8276  265
8277  254
8278  258
8279  243
8280  257
8281  241
8282  252
8283  247
8284  310
8285  304
8286  253
8287  279
8288  275
8289  257
8290  293
8291  253
8292  255
8293  253
8294  276
8295  237
8296  252
8297  253
8298  250
8299  240
8300  249
8301  236
8302  245
8303  255
8304  308
8305  325
8306  288
8307  258
8308  254
8309  248
8310  275
8311  258
8312  251
8313  239
8314  271
8315  246
8316  245
8317  241
8318  269
8319  242
8320  251
8321  250
8322  245
8323  243
8324  315
8325  301
8326  258
8327  244
8328  253
8329  257
8330  278
8331  249
8332  266
8333  248
8334  265
8335  240
8336  248
8337  249
8338  262
8339  243
8340  246
8341  242
8342  251
8343  244
8344  312
8345  337
8346  281
8347  265
8348  253
8349  249
8350  277
8351  248
8352  258
8353  240
8354  267
8355  270
8356  255
8357  241
8358  249
8359  248
8360  251
8361  243
8362  265
8363  250
8364  320
8365  292
8366  259
8367  246
8368  271
8369  244
8370  274
8371  261
8372  260
8373  243
8374  271
8375  246
8376  264
8377  240
8378  251
8379  242
8380  245
8381  240
8382  263
8383  250
8384  305
8385  297
8386  263
8387  291
8388  263
8389  244
8390  274
8391  259
8392  255
8393  243
8394  262
8395  252
8396  253
8397  242
8398  250
8399  243
8400  263
8401  239
8402  252
8403  292
8404  282
8405  335
8406  297
8407  247
8408  266
8409  237
8410  286
8411  252
8412  253
8413  242
8414  265
8415  245
8416  255
8417  257
8418  253
8419  244
8420  264
8421  259
8422  257
8423  293
8424  281
8425  301
8426  252
8427  253
8428  252
8429  252
8430  275
8431  246
8432  261
8433  251
8434  295
8435  258
8436  256
8437  250
8438  270
8439  245
8440  254
8441  240
8442  253
8443  293
8444  274
8445  300
8446  261
8447  246
8448  265
8449  254
8450  268
8451  249
8452  262
8453  248
8454  260
8455  273
8456  256
8457  243
8458  263
8459  251
8460  260
8461  243
8462  252
8463  313
8464  275
8465  299
8466  256
8467  248
8468  265
8469  256
8470  265
8471  253
8472  253
8473  242
8474  268
8475  253
8476  257
8477  236
8478  261
8479  249
8480  251
8481  243
8482  256
8483  294
8484  275
8485  289
8486  259
8487  284
8488  265
8489  240
8490  278
8491  247
8492  266
8493  244
8494  280
8495  245
8496  245
8497  243
8498  258
8499  244
8500  254
8501  237
8502  250
8503  294
8504  290
8505  332
8506  304
8507  256
8508  272
8509  242
8510  255
8511  253
8512  251
8513  238
8514  264
8515  246
8516  252
8517  244
8518  250
8519  244
8520  253
8521  256
8522  279
8523  289
8524  266
8525  292
8526  258
8527  246
8528  254
8529  256
8530  273
8531  245
8532  253
8533  242
8534  266
8535  245
8536  261
8537  242
8538  254
8539  243
8540  271
8541  252
8542  252
8543  298
8544  285
8545  293
8546  259
8547  253
8548  259
8549  243
8550  273
8551  259
8552  250
8553  242
8554  259
8555  279
8556  248
8557  245
8558  266
8559  245
8560  252
8561  236
8562  268
8563  287
8564  265
8565  304
8566  263
8567  243
8568  264
8569  262
8570  258
8571  258
8572  255
8573  242
8574  273
8575  258
8576  265
8577  241
8578  251
8579  242
8580  264
8581  242
8582  251
8583  286
8584  316
8585  266
8586  256
8587  297
8588  266
8589  249
8590  258
8591  248
8592  251
8593  253
8594  278
8595  273
8596  266
8597  246
8598  246
8599  246
8600  250
8601  244
8602  254
8603  295
8604  320
8605  269
8606  285
8607  248
8608  269
8609  277
8610  272
8611  247
8612  250
8613  246
8614  266
8615  247
8616  250
8617  247
8618  246
8619  245
8620  249
8621  246
8622  246
8623  310
8624  322
8625  257
8626  250
8627  266
8628  262
8629  249
8630  249
8631  246
8632  249
8633  253
8634  262
8635  248
8636  241
8637  244
8638  278
8639  252
8640  256
8641  244
8642  242
8643  293
8644  335
8645  267
8646  267
8647  249
8648  249
8649  283
8650  255
8651  253
8652  265
8653  248
8654  283
8655  259
8656  254
8657  246
8658  249
8659  254
8660  253
8661  247
8662  250
8663  314
8664  321
8665  256
8666  265
8667  258
8668  269
8669  263
8670  253
8671  254
8672  245
8673  247
8674  269
8675  256
8676  252
8677  248
8678  266
8679  250
8680  249
8681  271
8682  252
8683  296
8684  332
8685  252
8686  254
8687  283
8688  254
8689  265
8690  253
8691  242
8692  249
8693  247
8694  265
8695  260
8696  256
8697  254
8698  252
8699  246
8700  242
8701  246
8702  253
8703  296
8704  334
8705  254
8706  297
8707  251
8708  255
8709  275
8710  261
8711  248
8712  249
8713  246
8714  260
8715  261
8716  248
8717  246
8718  246
8719  259
8720  242
8721  245
8722  255
8723  287
8724  333
8725  262
8726  255
8727  247
8728  250
8729  269
8730  255
8731  248
8732  249
8733  255
8734  259
8735  248
8736  244
8737  258
8738  251
8739  261
8740  250
8741  253
8742  249
8743  293
8744  315
8745  257
8746  276
8747  242
8748  254
8749  254
8750  277
8751  261
8752  254
8753  260
8754  295
8755  257
8756  253
8757  248
8758  249
8759  245
8760  251
8761  240
8762  243
8763  296
8764  319
8765  256
8766  253
8767  248
8768  295
8769  261
8770  254
8771  249
8772  251
8773  247
8774  267
8775  251
8776  251
8777  247
8778  256
8779  259
8780  246
8781  248
8782  274
8783  300
8784  332
8785  278
8786  253
8787  292
8788  258
8789  259
8790  253
8791  248
8792  251
8793  250
8794  267
8795  252
8796  263
8797  261
8798  249
8799  248
8800  243
8801  247
8802  250
8803  307
8804  332
8805  256
8806  299
8807  251
8808  264
8809  262
8810  253
8811  265
8812  244
8813  248
8814  274
8815  250
8816  252
8817  248
8818  257
8819  248
8820  263
8821  252
8822  244
8823  295
8824  333
8825  265
8826  263
8827  246
8828  255
8829  264
8830  251
8831  247
8832  249
8833  256
8834  265
8835  248
8836  258
8837  257
8838  257
8839  258
8840  256
8841  260
8842  267
8843  296
8844  325
8845  249
8846  251
8847  240
8848  249
8849  262
8850  257
8851  248
8852  253
8853  245
8854  300
8855  277
8856  263
8857  246
8858  247
8859  244
8860  247
8861  245
8862  245
8863  297
8864  319
8865  247
8866  303
8867  262
8868  255
8869  271
8870  262
8871  249
8872  257
8873  257
8874  265
8875  249
8876  260
8877  258
8878  249
8879  239
8880  248
8881  244
8882  254
8883  296
8884  337
8885  246
8886  251
8887  292
8888  256
8889  300
8890  280
8891  251
8892  251
8893  256
8894  280
8895  248
8896  250
8897  246
8898  261
8899  246
8900  248
8901  246
8902  249
8903  294
8904  337
8905  284
8906  273
8907  259
8908  265
8909  252
8910  252
8911  254
8912  264
8913  247
8914  273
8915  249
8916  252
8917  246
8918  248
8919  253
8920  257
8921  245
8922  251
8923  294
8924  336
8925  267
8926  272
8927  260
8928  260
8929  265
8930  252
8931  250
8932  254
8933  248
8934  269
8935  248
8936  246
8937  253
8938  256
8939  238
8940  250
8941  246
8942  264
8943  309
8944  323
8945  283
8946  276
8947  249
8948  250
8949  257
8950  257
8951  247
8952  251
8953  246
8954  285
8955  263
8956  254
8957  245
8958  244
8959  251
8960  256
8961  252
8962  252
8963  294
8964  324
8965  251
8966  252
8967  256
8968  254
8969  266
8970  274
8971  247
8972  251
8973  253
8974  263
8975  252
8976  250
8977  249
8978  259
8979  246
8980  255
8981  249
8982  260
8983  295
8984  334
8985  262
8986  296
8987  266
8988  254
8989  263
8990  253
8991  246
8992  249
8993  247
8994  267
8995  264
8996  257
8997  246
8998  257
8999  260
9000  248
9001  247
9002  257
9003  294
9004  336
9005  282
9006  254
9007  247
9008  254
9009  265
9010  253
9011  246
9012  272
9013  258
9014  265
9015  249
9016  271
9017  246
9018  251
9019  247
9020  256
9021  247
9022  251
9023  301
9024  322
9025  254
9026  261
9027  249
9028  264
9029  252
9030  266
9031  248
9032  250
9033  255
9034  280
9035  247
9036  251
9037  251
9038  242
9039  249
9040  249
9041  249
9042  257
9043  314
9044  319
9045  256
9046  251
9047  248
9048  265
9049  262
9050  261
9051  249
9052  251
9053  248
9054  283
9055  252
9056  253
9057  258
9058  248
9059  252
9060  257
9061  248
9062  249
9063  289
9064  333
9065  269
9066  269
9067  255
9068  259
9069  270
9070  267
9071  255
9072  262
9073  248
9074  258
9075  248
9076  251
9077  238
9078  241
9079  247
9080  258
9081  247
9082  249
9083  316
9084  316
9085  257
9086  303
9087  259
9088  254
9089  265
9090  254
9091  250
9092  254
9093  249
9094  260
9095  249
9096  246
9097  241
9098  259
9099  249
9100  251
9101  272
9102  253
9103  296
9104  346
9105  291
9106  261
9107  250
9108  256
9109  258
9110  259
9111  247
9112  253
9113  248
9114  263
9115  258
9116  247
9117  249
9118  270
9119  244
9120  243
9121  247
9122  271
9123  288
9124  313
9125  256
9126  254
9127  249
9128  252
9129  284
9130  252
9131  250
9132  253
9133  245
9134  267
9135  261
9136  263
9137  249
9138  250
9139  260
9140  243
9141  256
9142  248
9143  294
9144  327
9145  257
9146  262
9147  249
9148  249
9149  249
9150  256
9151  248
9152  252
9153  269
9154  279
9155  252
9156  250
9157  250
9158  270
9159  245
9160  243
9161  246
9162  252
9163  294
9164  323
9165  252
9166  251
9167  266
9168  253
9169  277
9170  280
9171  248
9172  261
9173  257
9174  278
9175  241
9176  244
9177  259
9178  251
9179  248
9180  250
9181  247
9182  255
9183  292
9184  312
9185  254
9186  320
9187  291
9188  248
9189  260
9190  253
9191  268
9192  250
9193  248
9194  277
9195  249
9196  252
9197  248
9198  250
9199  247
9200  252
9201  263
9202  259
9203  295
9204  339
9205  286
9206  255
9207  259
9208  269
9209  271
9210  255
9211  250
9212  251
9213  264
9214  271
9215  259
9216  251
9217  246
9218  250
9219  249
9220  244
9221  254
9222  263
9223  296
9224  323
9225  255
9226  264
9227  255
9228  258
9229  275
9230  265
9231  248
9232  257
9233  243
9234  272
9235  249
9236  257
9237  255
9238  251
9239  249
9240  260
9241  250
9242  260
9243  295
9244  336
9245  258
9246  248
9247  249
9248  251
9249  278
9250  265
9251  253
9252  251
9253  239
9254  277
9255  256
9256  252
9257  260
9258  250
9259  261
9260  256
9261  259
9262  284
9263  287
9264  322
9265  248
9266  257
9267  303
9268  252
9269  257
9270  257
9271  260
9272  249
9273  275
9274  270
9275  255
9276  248
9277  250
9278  260
9279  245
9280  243
9281  257
9282  287
9283  278
9284  295
9285  265
9286  279
9287  271
9288  257
9289  269
9290  247
9291  265
9292  238
9293  259
9294  247
9295  253
9296  242
9297  256
9298  246
9299  247
9300  241
9301  257
9302  307
9303  314
9304  278
9305  278
9306  259
9307  258
9308  268
9309  262
9310  240
9311  260
9312  244
9313  272
9314  253
9315  254
9316  255
9317  250
9318  244
9319  253
9320  242
9321  266
9322  292
9323  318
9324  245
9325  254
9326  263
9327  259
9328  244
9329  261
9330  270
9331  259
9332  253
9333  265
9334  245
9335  258
9336  244
9337  257
9338  245
9339  253
9340  242
9341  251
9342  297
9343  335
9344  269
9345  272
9346  254
9347  252
9348  251
9349  255
9350  255
9351  255
9352  237
9353  267
9354  270
9355  257
9356  256
9357  256
9358  246
9359  254
9360  251
9361  253
9362  304
9363  321
9364  253
9365  271
9366  246
9367  264
9368  252
9369  265
9370  257
9371  256
9372  245
9373  267
9374  261
9375  256
9376  245
9377  252
9378  254
9379  268
9380  244
9381  247
9382  291
9383  324
9384  247
9385  256
9386  291
9387  265
9388  264
9389  255
9390  247
9391  254
9392  242
9393  272
9394  246
9395  253
9396  258
9397  253
9398  237
9399  252
9400  255
9401  251
9402  294
9403  320
9404  271
9405  287
9406  248
9407  259
9408  259
9409  255
9410  244
9411  253
9412  237
9413  280
9414  251
9415  252
9416  244
9417  280
9418  244
9419  253
9420  243
9421  244
9422  292
9423  324
9424  251
9425  255
9426  241
9427  254
9428  252
9429  265
9430  247
9431  271
9432  258
9433  268
9434  246
9435  266
9436  244
9437  256
9438  245
9439  254
9440  244
9441  245
9442  287
9443  322
9444  254
9445  253
9446  256
9447  255
9448  274
9449  271
9450  242
9451  253
9452  243
9453  265
9454  270
9455  257
9456  243
9457  259
9458  245
9459  250
9460  247
9461  262
9462  291
9463  328
9464  253
9465  315
9466  260
9467  265
9468  252
9469  252
9470  271
9471  260
9472  243
9473  270
9474  245
9475  263
9476  259
9477  249
9478  242
9479  249
9480  244
9481  258
9482  294
9483  340
9484  265
9485  249
9486  279
9487  275
9488  272
9489  272
9490  262
9491  253
9492  243
9493  268
9494  246
9495  254
9496  241
9497  250
9498  243
9499  249
9500  244
9501  267
9502  298
9503  337
9504  304
9505  305
9506  247
9507  257
9508  252
9509  254
9510  253
9511  259
9512  245
9513  266
9514  244
9515  255
9516  245
9517  249
9518  244
9519  275
9520  245
9521  252
9522  299
9523  313
9524  253
9525  256
9526  243
9527  250
9528  264
9529  253
9530  250
9531  252
9532  243
9533  279
9534  246
9535  254
9536  257
9537  264
9538  241
9539  262
9540  256
9541  252
9542  287
9543  320
9544  283
9545  270
9546  247
9547  266
9548  248
9549  255
9550  255
9551  261
9552  243
9553  301
9554  255
9555  254
9556  243
9557  258
9558  251
9559  258
9560  236
9561  253
9562  304
9563  321
9564  246
9565  251
9566  244
9567  266
9568  256
9569  262
9570  258
9571  258
9572  242
9573  271
9574  245
9575  252
9576  255
9577  250
9578  244
9579  256
9580  243
9581  250
9582  292
9583  320
9584  253
9585  267
9586  290
9587  274
9588  263
9589  252
9590  259
9591  260
9592  244
9593  266
9594  243
9595  251
9596  242
9597  248
9598  243
9599  254
9600  242
9601  242
9602  297
9603  338
9604  254
9605  309
9606  262
9607  257
9608  272
9609  274
9610  251
9611  260
9612  243
9613  262
9614  253
9615  249
9616  244
9617  245
9618  252
9619  252
9620  255
9621  250
9622  311
9623  323
9624  245
9625  274
9626  244
9627  251
9628  251
9629  270
9630  244
9631  246
9632  244
9633  265
9634  260
9635  252
9636  256
9637  260
9638  243
9639  251
9640  249
9641  273
9642  292
9643  321
9644  255
9645  271
9646  242
9647  262
9648  288
9649  259
9650  245
9651  264
9652  242
9653  282
9654  243
9655  251
9656  240
9657  256
9658  256
9659  246
9660  248
9661  260
9662  296
9663  330
9664  251
9665  261
9666  243
9667  265
9668  263
9669  253
9670  328
9671  251
9672  251
9673  270
9674  246
9675  250
9676  256
9677  261
9678  254
9679  254
9680  254
9681  256
9682  291
9683  327
9684  255
9685  253
9686  286
9687  258
9688  268
9689  256
9690  243
9691  272
9692  255
9693  281
9694  250
9695  253
9696  244
9697  251
9698  242
9699  253
9700  243
9701  248
9702  295
9703  335
9704  289
9705  269
9706  259
9707  256
9708  260
9709  258
9710  256
9711  263
9712  243
9713  266
9714  245
9715  258
9716  238
9717  258
9718  245
9719  249
9720  244
9721  271
9722  303
9723  325
9724  287
9725  253
9726  240
9727  255
9728  282
9729  249
9730  246
9731  244
9732  259
9733  264
9734  248
9735  263
9736  251
9737  249
9738  247
9739  254
9740  243
9741  250
9742  296
9743  322
9744  257
9745  273
9746  260
9747  257
9748  251
9749  270
9750  266
9751  249
9752  247
9753  284
9754  251
9755  250
9756  245
9757  255
9758  247
9759  248
9760  248
9761  246
9762  307
9763  335
9764  263
9765  248
9766  252
9767  252
9768  277
9769  261
9770  250
9771  249
9772  249
9773  266
9774  250
9775  251
9776  246
9777  249
9778  265
9779  262
9780  246
9781  268
9782  296
9783  320
9784  260
9785  265
9786  297
9787  255
9788  259
9789  259
9790  258
9791  257
9792  260
9793  293
9794  259
9795  258
9796  247
9797  242
9798  258
9799  249
9800  248
9801  242
9802  294
9803  335
9804  285
9805  254
9806  251
9807  267
9808  265
9809  253
9810  248
9811  253
9812  248
9813  266
9814  255
9815  269
9816  243
9817  253
9818  254
9819  261
9820  247
9821  250
9822  302
9823  320
9824  254
9825  266
9826  257
9827  259
9828  264
9829  250
9830  246
9831  253
9832  254
9833  279
9834  244
9835  250
9836  263
9837  250
9838  248
9839  248
9840  248
9841  248
9842  298
9843  323
9844  263
9845  251
9846  242
9847  249
9848  271
9849  263
9850  272
9851  265
9852  241
9853  282
9854  255
9855  244
9856  248
9857  247
9858  252
9859  256
9860  246
9861  257
9862  287
9863  323
9864  257
9865  277
9866  260
9867  265
9868  262
9869  257
9870  239
9871  262
9872  253
9873  265
9874  249
9875  250
9876  241
9877  252
9878  245
9879  260
9880  259
9881  244
9882  293
9883  323
9884  254
9885  291
9886  253
9887  255
9888  291
9889  264
9890  251
9891  254
9892  247
9893  288
9894  254
9895  253
9896  250
9897  257
9898  248
9899  250
9900  248
9901  257
9902  303
9903  336
9904  283
9905  277
9906  249
9907  268
9908  257
9909  249
9910  247
9911  250
9912  251
9913  268
9914  246
9915  255
9916  245
9917  250
9918  247
9919  248
9920  260
9921  250
9922  313
9923  335
9924  260
9925  252
9926  246
9927  251
9928  266
9929  251
9930  246
9931  251
9932  249
9933  273
9934  249
9935  249
9936  251
9937  276
9938  240
9939  241
9940  244
9941  264
9942  293
9943  323
9944  260
9945  271
9946  249
9947  250
9948  254
9949  256
9950  245
9951  267
9952  248
9953  288
9954  264
9955  255
9956  248
9957  247
9958  264
9959  241
9960  247
9961  252
9962  294
9963  336
9964  251
9965  251
9966  262
9967  258
9968  290
9969  266
9970  249
9971  249
9972  245
9973  271
9974  248
9975  250
9976  245
9977  255
9978  275
9979  252
9980  255
9981  251
9982  285
9983  321
9984  247
9985  316
9986  271
9987  247
9988  348
9989  256
9990  250
9991  260
9992  258
9993  266
9994  248
9995  257
9996  247
9997  249
9998  247
9999  250
min: 234 mean: 261.926 max: 561 sdev: 19.4598
