0  905
1  268
2  326
3  382
4  449
5  506
6  561
7  616
8  671
9  726
10  781
11  836
12  903
13  260
14  317
15  386
16  443
17  499
18  554
19  609
20  664
21  720
22  775
23  830
24  898
25  263
26  321
27  376
28  439
29  502
30  558
31  613
32  667
33  723
34  779
35  848
36  904
37  279
38  337
39  392
40  452
41  516
42  571
43  626
44  682
45  749
46  806
47  861
48  915
49  259
50  317
51  372
52  440
53  496
54  551
55  606
56  661
57  732
58  787
59  842
60  897
61  287
62  347
63  402
64  463
65  526
66  581
67  650
68  706
69  761
70  817
71  872
72  927
73  267
74  326
75  394
76  450
77  506
78  562
79  631
80  686
81  742
82  797
83  852
84  907
85  262
86  320
87  388
88  444
89  499
90  570
91  625
92  680
93  736
94  791
95  847
96  902
97  283
98  343
99  413
100  485
101  541
102  598
103  653
104  708
105  764
106  820
107  875
108  930
109  287
110  347
111  418
112  486
113  543
114  599
115  654
116  710
117  764
118  821
119  876
120  943
121  258
122  329
123  399
124  456
125  511
126  567
127  622
128  677
129  733
130  788
131  844
132  899
133  300
134  359
135  427
136  483
137  539
138  595
139  651
140  706
141  762
142  819
143  893
144  949
145  275
146  334
147  403
148  460
149  516
150  572
151  628
152  683
153  739
154  794
155  850
156  906
157  251
158  327
159  388
160  451
161  507
162  562
163  616
164  671
165  726
166  801
167  857
168  911
169  269
170  328
171  397
172  453
173  508
174  563
175  619
176  674
177  729
178  784
179  839
180  895
181  326
182  389
183  458
184  515
185  571
186  626
187  693
188  763
189  818
190  874
191  929
192  985
193  263
194  330
195  404
196  460
197  515
198  571
199  627
200  683
201  738
202  794
203  849
204  904
205  276
206  334
207  389
208  444
209  513
210  579
211  642
212  698
213  753
214  808
215  863
216  932
217  277
218  338
219  393
220  462
221  519
222  574
223  629
224  685
225  741
226  796
227  866
228  922
229  271
230  329
231  399
232  455
233  530
234  585
235  641
236  696
237  751
238  819
239  875
240  930
241  259
242  317
243  386
244  442
245  497
246  552
247  607
248  661
249  731
250  787
251  842
252  897
253  269
254  326
255  405
256  469
257  525
258  580
259  635
260  705
261  760
262  815
263  870
264  925
265  302
266  362
267  438
268  495
269  551
270  622
271  679
272  735
273  789
274  845
275  901
276  956
277  293
278  384
279  442
280  497
281  567
282  623
283  678
284  734
285  788
286  843
287  898
288  954
289  268
290  327
291  397
292  453
293  522
294  577
295  632
296  688
297  743
298  798
299  853
300  908
301  297
302  356
303  438
304  493
305  549
306  603
307  659
308  714
309  770
310  825
311  880
312  934
313  245
314  322
315  404
316  460
317  516
318  571
319  627
320  682
321  737
322  793
323  848
324  904
325  278
326  350
327  419
328  475
329  531
330  586
331  642
332  697
333  753
334  809
335  864
336  920
337  302
338  365
339  421
340  498
341  555
342  611
343  667
344  722
345  778
346  835
347  890
348  946
349  262
350  319
351  395
352  452
353  506
354  562
355  617
356  671
357  726
358  781
359  836
360  891
361  260
362  318
363  373
364  429
365  496
366  552
367  607
368  662
369  718
370  773
371  828
372  883
373  246
374  309
375  372
376  441
377  496
378  552
379  607
380  662
381  717
382  772
383  827
384  882
385  279
386  345
387  401
388  456
389  530
390  586
391  641
392  696
393  751
394  806
395  861
396  916
397  253
398  324
399  393
400  449
401  504
402  559
403  614
404  669
405  724
406  779
407  845
408  926
409  257
410  315
411  384
412  440
413  495
414  550
415  605
416  660
417  716
418  771
419  825
420  893
421  316
422  378
423  435
424  504
425  560
426  616
427  672
428  728
429  856
430  914
431  970
432  1025
433  302
434  360
435  435
436  490
437  546
438  601
439  657
440  712
441  783
442  838
443  894
444  949
445  305
446  365
447  432
448  489
449  544
450  599
451  654
452  827
453  891
454  946
455  1002
456  1058
457  299
458  357
459  427
460  482
461  538
462  594
463  663
464  719
465  774
466  829
467  884
468  939
469  268
470  327
471  382
472  451
473  506
474  575
475  631
476  686
477  784
478  840
479  895
480  950
481  258
482  316
483  371
484  431
485  506
486  563
487  618
488  674
489  729
490  784
491  839
492  893
493  764
494  819
495  873
496  928
497  279
498  339
499  421
500  477
501  532
502  588
503  644
504  700
505  756
506  811
507  866
508  921
509  302
510  378
511  446
512  502
513  558
514  613
515  668
516  724
517  780
518  835
519  890
520  946
521  284
522  343
523  399
524  468
525  524
526  579
527  635
528  690
529  746
530  801
531  856
532  911
533  266
534  324
535  380
536  435
537  503
538  559
539  614
540  668
541  723
542  778
543  833
544  887
545  272
546  330
547  386
548  454
549  510
550  565
551  620
552  675
553  730
554  785
555  840
556  895
557  251
558  323
559  379
560  434
561  502
562  557
563  612
564  667
565  722
566  777
567  831
568  886
569  263
570  322
571  377
572  452
573  507
574  563
575  618
576  673
577  728
578  782
579  837
580  892
581  290
582  357
583  426
584  481
585  537
586  592
587  648
588  703
589  758
590  814
591  869
592  924
593  246
594  316
595  392
596  449
597  504
598  559
599  614
600  670
601  725
602  780
603  835
604  889
605  261
606  318
607  373
608  442
609  498
610  554
611  609
612  664
613  720
614  775
615  830
616  899
617  278
618  338
619  406
620  462
621  517
622  572
623  628
624  683
625  738
626  794
627  864
628  919
629  262
630  320
631  389
632  445
633  499
634  556
635  611
636  666
637  722
638  792
639  848
640  903
641  269
642  327
643  402
644  458
645  514
646  569
647  625
648  680
649  751
650  806
651  862
652  917
653  252
654  309
655  364
656  419
657  487
658  542
659  597
660  667
661  723
662  778
663  833
664  887
665  279
666  337
667  405
668  461
669  517
670  572
671  641
672  697
673  752
674  807
675  862
676  917
677  244
678  314
679  383
680  437
681  494
682  564
683  620
684  674
685  730
686  785
687  840
688  895
689  277
690  335
691  403
692  459
693  528
694  584
695  639
696  694
697  749
698  804
699  859
700  914
701  322
702  385
703  470
704  527
705  583
706  639
707  695
708  750
709  806
710  861
711  916
712  972
713  276
714  335
715  424
716  480
717  535
718  591
719  646
720  701
721  756
722  811
723  867
724  922
725  296
726  356
727  411
728  481
729  537
730  593
731  648
732  703
733  758
734  813
735  868
736  923
737  293
738  352
739  408
740  477
741  532
742  588
743  644
744  699
745  754
746  810
747  865
748  920
749  273
750  331
751  406
752  462
753  517
754  573
755  629
756  685
757  739
758  794
759  849
760  904
761  268
762  326
763  394
764  450
765  505
766  561
767  616
768  671
769  726
770  781
771  837
772  891
773  307
774  368
775  444
776  500
777  555
778  610
779  666
780  721
781  776
782  832
783  887
784  942
785  274
786  334
787  409
788  466
789  522
790  578
791  633
792  688
793  744
794  799
795  854
796  910
797  265
798  336
799  405
800  461
801  516
802  571
803  626
804  682
805  737
806  792
807  847
808  914
809  261
810  319
811  393
812  449
813  505
814  560
815  615
816  671
817  726
818  782
819  837
820  906
821  254
822  325
823  399
824  455
825  510
826  566
827  621
828  676
829  731
830  786
831  856
832  911
833  272
834  331
835  407
836  463
837  520
838  576
839  632
840  688
841  758
842  814
843  870
844  925
845  264
846  322
847  391
848  447
849  502
850  558
851  613
852  668
853  738
854  794
855  849
856  905
857  286
858  346
859  415
860  471
861  527
862  583
863  652
864  708
865  764
866  819
867  874
868  930
869  263
870  321
871  376
872  444
873  500
874  555
875  624
876  680
877  735
878  791
879  846
880  900
881  263
882  320
883  381
884  444
885  500
886  569
887  624
888  680
889  735
890  790
891  846
892  901
893  273
894  332
895  388
896  461
897  526
898  582
899  638
900  693
901  749
902  804
903  858
904  914
905  273
906  351
907  421
908  490
909  546
910  602
911  657
912  713
913  768
914  824
915  879
916  934
917  244
918  320
919  409
920  466
921  521
922  577
923  632
924  687
925  742
926  797
927  852
928  907
929  265
930  339
931  408
932  464
933  520
934  575
935  630
936  686
937  742
938  798
939  853
940  909
941  321
942  384
943  454
944  510
945  567
946  623
947  679
948  734
949  790
950  846
951  901
952  957
953  251
954  322
955  391
956  448
957  503
958  559
959  614
960  670
961  724
962  780
963  835
964  890
965  275
966  333
967  402
968  458
969  513
970  568
971  623
972  679
973  734
974  789
975  844
976  899
977  294
978  355
979  423
980  479
981  534
982  590
983  646
984  702
985  758
986  813
987  868
988  924
989  275
990  334
991  389
992  458
993  515
994  570
995  625
996  680
997  736
998  790
999  845
min: 244 mean: 604.017 max: 1058 sdev: 202.329
